1.49 	 1.27 	 480.16 	 1195.27 	 761.3431897507339 	 2.1010923969249593e-07 	 -1.0
1.52 	 1.29 	 432.47 	 1086.32 	 689.3242970595501 	 1.848135726266359e-07 	 -1.0
1.55 	 1.32 	 389.91 	 988.5 	 624.8389109837867 	 1.6252781391333574e-07 	 -1.0
1.57 	 1.34 	 351.92 	 900.56 	 567.0480954511969 	 1.4289665007623023e-07 	 -1.0
1.6 	 1.36 	 317.96 	 821.37 	 515.1774405913724 	 1.256112441655271e-07 	 -1.0
1.49 	 1.27 	 480.16 	 1195.27 	 761.3431897507339 	 2.436133735240681e-07 	 -0.9797979797979798
1.52 	 1.29 	 432.47 	 1086.32 	 689.3242970595501 	 2.1486526791531728e-07 	 -0.9797979797979798
1.55 	 1.32 	 389.91 	 988.5 	 624.8389109837867 	 1.8946828759666049e-07 	 -0.9797979797979798
1.57 	 1.34 	 351.92 	 900.56 	 567.0480954511969 	 1.6703499002460218e-07 	 -0.9797979797979798
1.6 	 1.36 	 317.96 	 821.37 	 515.1774405913724 	 1.4722805827653532e-07 	 -0.9797979797979798
1.49 	 1.27 	 480.16 	 1195.27 	 761.3431897507339 	 2.8246009478990314e-07 	 -0.9595959595959596
1.52 	 1.29 	 432.47 	 1086.32 	 689.3242970595501 	 2.4980353282596155e-07 	 -0.9595959595959596
1.55 	 1.32 	 389.91 	 988.5 	 624.8389109837867 	 2.208743915300103e-07 	 -0.9595959595959596
1.57 	 1.34 	 351.92 	 900.56 	 567.0480954511969 	 1.95250818529579e-07 	 -0.9595959595959596
1.6 	 1.36 	 317.96 	 821.37 	 515.1774405913724 	 1.7256497448042673e-07 	 -0.9595959595959596
1.49 	 1.27 	 480.16 	 1195.27 	 761.3431897507339 	 3.275013353929804e-07 	 -0.9393939393939394
1.52 	 1.29 	 432.47 	 1086.32 	 689.3242970595501 	 2.9042295024119574e-07 	 -0.9393939393939394
1.55 	 1.32 	 389.91 	 988.5 	 624.8389109837867 	 2.5748634482624717e-07 	 -0.9393939393939394
1.57 	 1.34 	 351.92 	 900.56 	 567.0480954511969 	 2.282329117441535e-07 	 -0.9393939393939394
1.6 	 1.36 	 317.96 	 821.37 	 515.1774405913724 	 2.0226219625540144e-07 	 -0.9393939393939394
1.49 	 1.27 	 480.16 	 1195.27 	 761.3431897507339 	 3.797248767616694e-07 	 -0.9191919191919192
1.52 	 1.29 	 432.47 	 1086.32 	 689.3242970595501 	 3.376473065557624e-07 	 -0.9191919191919192
1.55 	 1.32 	 389.91 	 988.5 	 624.8389109837867 	 3.0016706469556065e-07 	 -0.9191919191919192
1.57 	 1.34 	 351.92 	 900.56 	 567.0480954511969 	 2.6678639503538514e-07 	 -0.9191919191919192
1.6 	 1.36 	 317.96 	 821.37 	 515.1774405913724 	 2.370701016080121e-07 	 -0.9191919191919192
1.49 	 1.27 	 480.16 	 1195.27 	 761.3431897507339 	 4.4027601248906513e-07 	 -0.898989898989899
1.52 	 1.29 	 432.47 	 1086.32 	 689.3242970595501 	 3.9255060087255385e-07 	 -0.898989898989899
1.55 	 1.32 	 389.91 	 988.5 	 624.8389109837867 	 3.499225047788414e-07 	 -0.898989898989899
1.57 	 1.34 	 351.92 	 900.56 	 567.0480954511969 	 3.1185239688727806e-07 	 -0.898989898989899
1.6 	 1.36 	 317.96 	 821.37 	 515.1774405913724 	 2.778682033367466e-07 	 -0.898989898989899
1.49 	 1.27 	 480.16 	 1195.27 	 761.3431897507339 	 5.10482665308585e-07 	 -0.8787878787878788
1.52 	 1.29 	 432.47 	 1086.32 	 689.3242970595501 	 4.5638147040854257e-07 	 -0.8787878787878788
1.55 	 1.32 	 389.91 	 988.5 	 624.8389109837867 	 4.079253647460851e-07 	 -0.8787878787878788
1.57 	 1.34 	 351.92 	 900.56 	 567.0480954511969 	 3.6453102277363516e-07 	 -0.8787878787878788
1.6 	 1.36 	 317.96 	 821.37 	 515.1774405913724 	 3.2568737222400665e-07 	 -0.8787878787878788
1.49 	 1.27 	 480.16 	 1195.27 	 761.3431897507339 	 5.91884509236191e-07 	 -0.8585858585858586
1.52 	 1.29 	 432.47 	 1086.32 	 689.3242970595501 	 5.305915876049969e-07 	 -0.8585858585858586
1.55 	 1.32 	 389.91 	 988.5 	 624.8389109837867 	 4.7554272997787596e-07 	 -0.8585858585858586
1.57 	 1.34 	 351.92 	 900.56 	 567.0480954511969 	 4.2610820981576267e-07 	 -0.8585858585858586
1.6 	 1.36 	 317.96 	 821.37 	 515.1774405913724 	 3.817358846835405e-07 	 -0.8585858585858586
1.49 	 1.27 	 480.16 	 1195.27 	 761.3431897507339 	 6.862667355452596e-07 	 -0.8383838383838383
1.52 	 1.29 	 432.47 	 1086.32 	 689.3242970595501 	 6.168686747627462e-07 	 -0.8383838383838383
1.55 	 1.32 	 389.91 	 988.5 	 624.8389109837867 	 5.543682927772165e-07 	 -0.8383838383838383
1.57 	 1.34 	 351.92 	 900.56 	 567.0480954511969 	 4.980871177736307e-07 	 -0.8383838383838383
1.6 	 1.36 	 317.96 	 821.37 	 515.1774405913724 	 4.4742995302531323e-07 	 -0.8383838383838383
1.49 	 1.27 	 480.16 	 1195.27 	 761.3431897507339 	 7.956992030822186e-07 	 -0.8181818181818181
1.52 	 1.29 	 432.47 	 1086.32 	 689.3242970595501 	 7.171748870372824e-07 	 -0.8181818181818181
1.55 	 1.32 	 389.91 	 988.5 	 624.8389109837867 	 6.462599145423241e-07 	 -0.8181818181818181
1.57 	 1.34 	 351.92 	 900.56 	 567.0480954511969 	 5.822248226555191e-07 	 -0.8181818181818181
1.6 	 1.36 	 317.96 	 821.37 	 515.1774405913724 	 5.244295097648332e-07 	 -0.8181818181818181
1.49 	 1.27 	 480.16 	 1195.27 	 761.3431897507339 	 9.225818315128316e-07 	 -0.797979797979798
1.52 	 1.29 	 432.47 	 1086.32 	 689.3242970595501 	 8.337914367182917e-07 	 -0.797979797979798
1.55 	 1.32 	 389.91 	 988.5 	 624.8389109837867 	 7.533834142135802e-07 	 -0.797979797979798
1.57 	 1.34 	 351.92 	 900.56 	 567.0480954511969 	 6.805752086732587e-07 	 -0.797979797979798
1.6 	 1.36 	 317.96 	 821.37 	 515.1774405913724 	 6.146801501611219e-07 	 -0.797979797979798
1.49 	 1.27 	 480.16 	 1195.27 	 761.3431897507339 	 1.0696972330002722e-06 	 -0.7777777777777778
1.52 	 1.29 	 432.47 	 1086.32 	 689.3242970595501 	 9.693704736605116e-07 	 -0.7777777777777778
1.55 	 1.32 	 389.91 	 988.5 	 624.8389109837867 	 8.782636150566e-07 	 -0.7777777777777778
1.57 	 1.34 	 351.92 	 900.56 	 567.0480954511969 	 7.955391055779454e-07 	 -0.7777777777777778
1.6 	 1.36 	 317.96 	 821.37 	 515.1774405913724 	 7.204622927713005e-07 	 -0.7777777777777778
1.49 	 1.27 	 480.16 	 1195.27 	 761.3431897507339 	 1.240271736559256e-06 	 -0.7575757575757576
1.52 	 1.29 	 432.47 	 1086.32 	 689.3242970595501 	 1.1269954017557113e-06 	 -0.7575757575757576
1.55 	 1.32 	 389.91 	 988.5 	 624.8389109837867 	 1.0238438529171193e-06 	 -0.7575757575757576
1.57 	 1.34 	 351.92 	 900.56 	 567.0480954511969 	 9.299228952778389e-07 	 -0.7575757575757576
1.6 	 1.36 	 317.96 	 821.37 	 515.1774405913724 	 8.44448800191802e-07 	 -0.7575757575757576
1.49 	 1.27 	 480.16 	 1195.27 	 761.3431897507339 	 1.4380461433869308e-06 	 -0.7373737373737373
1.52 	 1.29 	 432.47 	 1086.32 	 689.3242970595501 	 1.3102510031921342e-06 	 -0.7373737373737373
1.55 	 1.32 	 389.91 	 988.5 	 624.8389109837867 	 1.193555348514146e-06 	 -0.7373737373737373
1.57 	 1.34 	 351.92 	 900.56 	 567.0480954511969 	 1.087007018383703e-06 	 -0.7373737373737373
1.6 	 1.36 	 317.96 	 821.37 	 515.1774405913724 	 9.897725159250455e-07 	 -0.7373737373737373
1.49 	 1.27 	 480.16 	 1195.27 	 761.3431897507339 	 1.6673577648773781e-06 	 -0.7171717171717171
1.52 	 1.29 	 432.47 	 1086.32 	 689.3242970595501 	 1.5233049653011096e-06 	 -0.7171717171717171
1.55 	 1.32 	 389.91 	 988.5 	 624.8389109837867 	 1.3913980788260313e-06 	 -0.7171717171717171
1.57 	 1.34 	 351.92 	 900.56 	 567.0480954511969 	 1.270626052993777e-06 	 -0.7171717171717171
1.6 	 1.36 	 317.96 	 821.37 	 515.1774405913724 	 1.1601054238671212e-06 	 -0.7171717171717171
1.49 	 1.27 	 480.16 	 1195.27 	 761.3431897507339 	 1.933235542462602e-06 	 -0.696969696969697
1.52 	 1.29 	 432.47 	 1086.32 	 689.3242970595501 	 1.7710026641137707e-06 	 -0.696969696969697
1.55 	 1.32 	 389.91 	 988.5 	 624.8389109837867 	 1.6220350536494872e-06 	 -0.696969696969697
1.57 	 1.34 	 351.92 	 900.56 	 567.0480954511969 	 1.4852623205204068e-06 	 -0.696969696969697
1.6 	 1.36 	 317.96 	 821.37 	 515.1774405913724 	 1.35975143058815e-06 	 -0.696969696969697
1.49 	 1.27 	 480.16 	 1195.27 	 761.3431897507339 	 2.241510335315186e-06 	 -0.6767676767676767
1.52 	 1.29 	 432.47 	 1086.32 	 689.3242970595501 	 2.058977360241258e-06 	 -0.6767676767676767
1.55 	 1.32 	 389.91 	 988.5 	 624.8389109837867 	 1.8909022193616613e-06 	 -0.6767676767676767
1.57 	 1.34 	 351.92 	 900.56 	 567.0480954511969 	 1.7361553035686638e-06 	 -0.6767676767676767
1.6 	 1.36 	 317.96 	 821.37 	 515.1774405913724 	 1.593755114792309e-06 	 -0.6767676767676767
1.49 	 1.27 	 480.16 	 1195.27 	 761.3431897507339 	 2.598942794588101e-06 	 -0.6565656565656566
1.52 	 1.29 	 432.47 	 1086.32 	 689.3242970595501 	 2.393778313206257e-06 	 -0.6565656565656566
1.55 	 1.32 	 389.91 	 988.5 	 624.8389109837867 	 2.2043365802373695e-06 	 -0.6565656565656566
1.57 	 1.34 	 351.92 	 900.56 	 567.0480954511969 	 2.0294295468651428e-06 	 -0.6565656565656566
1.6 	 1.36 	 317.96 	 821.37 	 515.1774405913724 	 1.868029191797176e-06 	 -0.6565656565656566
1.49 	 1.27 	 480.16 	 1195.27 	 761.3431897507339 	 3.0133716285504586e-06 	 -0.6363636363636364
1.52 	 1.29 	 432.47 	 1086.32 	 689.3242970595501 	 2.783019727863924e-06 	 -0.6363636363636364
1.55 	 1.32 	 389.91 	 988.5 	 624.8389109837867 	 2.5697255570480725e-06 	 -0.6363636363636364
1.57 	 1.34 	 351.92 	 900.56 	 567.0480954511969 	 2.3722441634244975e-06 	 -0.6363636363636364
1.6 	 1.36 	 317.96 	 821.37 	 515.1774405913724 	 2.1895039137560134e-06 	 -0.6363636363636364
1.49 	 1.27 	 480.16 	 1195.27 	 761.3431897507339 	 3.4938855101625933e-06 	 -0.6161616161616161
1.52 	 1.29 	 432.47 	 1086.32 	 689.3242970595501 	 3.235553920323455e-06 	 -0.6161616161616161
1.55 	 1.32 	 389.91 	 988.5 	 624.8389109837867 	 2.9956811032165314e-06 	 -0.6161616161616161
1.57 	 1.34 	 351.92 	 900.56 	 567.0480954511969 	 2.7729675955464746e-06 	 -0.6161616161616161
1.6 	 1.36 	 317.96 	 821.37 	 515.1774405913724 	 2.566302180610354e-06 	 -0.6161616161616161
1.49 	 1.27 	 480.16 	 1195.27 	 761.3431897507339 	 4.05102239712672e-06 	 -0.5959595959595959
1.52 	 1.29 	 432.47 	 1086.32 	 689.3242970595501 	 3.761672641593425e-06 	 -0.5959595959595959
1.55 	 1.32 	 389.91 	 988.5 	 624.8389109837867 	 3.4922426823187544e-06 	 -0.5959595959595959
1.57 	 1.34 	 351.92 	 900.56 	 567.0480954511969 	 3.241381896731353e-06 	 -0.5959595959595959
1.6 	 1.36 	 317.96 	 821.37 	 515.1774405913724 	 3.0079447864094427e-06 	 -0.5959595959595959
1.49 	 1.27 	 480.16 	 1195.27 	 761.3431897507339 	 4.6970006356214706e-06 	 -0.5757575757575757
1.52 	 1.29 	 432.47 	 1086.32 	 689.3242970595501 	 4.373341137550212e-06 	 -0.5757575757575757
1.55 	 1.32 	 389.91 	 988.5 	 624.8389109837867 	 4.071113890965905e-06 	 -0.5757575757575757
1.57 	 1.34 	 351.92 	 900.56 	 567.0480954511969 	 3.7889215212366075e-06 	 -0.5757575757575757
1.6 	 1.36 	 317.96 	 821.37 	 515.1774405913724 	 3.5255909870816046e-06 	 -0.5757575757575757
1.49 	 1.27 	 480.16 	 1195.27 	 761.3431897507339 	 5.4459869159638076e-06 	 -0.5555555555555556
1.52 	 1.29 	 432.47 	 1086.32 	 689.3242970595501 	 5.084470268334477e-06 	 -0.5555555555555556
1.55 	 1.32 	 389.91 	 988.5 	 624.8389109837867 	 4.745938304095994e-06 	 -0.5555555555555556
1.57 	 1.34 	 351.92 	 900.56 	 567.0480954511969 	 4.428952450362786e-06 	 -0.5555555555555556
1.6 	 1.36 	 317.96 	 821.37 	 515.1774405913724 	 4.132320468231857e-06 	 -0.5555555555555556
1.49 	 1.27 	 480.16 	 1195.27 	 761.3431897507339 	 6.31440695662687e-06 	 -0.5353535353535352
1.52 	 1.29 	 432.47 	 1086.32 	 689.3242970595501 	 5.911232875846186e-06 	 -0.5353535353535352
1.55 	 1.32 	 389.91 	 988.5 	 624.8389109837867 	 5.532621044149079e-06 	 -0.5353535353535352
1.57 	 1.34 	 351.92 	 900.56 	 567.0480954511969 	 5.177098469216265e-06 	 -0.5353535353535352
1.6 	 1.36 	 317.96 	 821.37 	 515.1774405913724 	 4.843463837619784e-06 	 -0.5353535353535352
1.49 	 1.27 	 480.16 	 1195.27 	 761.3431897507339 	 7.321305730100419e-06 	 -0.5151515151515151
1.52 	 1.29 	 432.47 	 1086.32 	 689.3242970595501 	 6.872431594320409e-06 	 -0.5151515151515151
1.55 	 1.32 	 389.91 	 988.5 	 624.8389109837867 	 6.449703653278266e-06 	 -0.5151515151515151
1.57 	 1.34 	 351.92 	 900.56 	 567.0480954511969 	 6.051622558685598e-06 	 -0.5151515151515151
1.6 	 1.36 	 317.96 	 821.37 	 515.1774405913724 	 5.6769899930748096e-06 	 -0.5151515151515151
1.49 	 1.27 	 480.16 	 1195.27 	 761.3431897507339 	 8.488765130563414e-06 	 -0.4949494949494949
1.52 	 1.29 	 432.47 	 1086.32 	 689.3242970595501 	 7.989926468909822e-06 	 -0.4949494949494949
1.55 	 1.32 	 389.91 	 988.5 	 624.8389109837867 	 7.518801104063146e-06 	 -0.4949494949494949
1.57 	 1.34 	 351.92 	 900.56 	 567.0480954511969 	 7.073872712785494e-06 	 -0.4949494949494949
1.6 	 1.36 	 317.96 	 821.37 	 515.1774405913724 	 6.653960153712953e-06 	 -0.4949494949494949
1.49 	 1.27 	 480.16 	 1195.27 	 761.3431897507339 	 9.842388243071081e-06 	 -0.4747474747474747
1.52 	 1.29 	 432.47 	 1086.32 	 689.3242970595501 	 9.28913210738165e-06 	 -0.4747474747474747
1.55 	 1.32 	 389.91 	 988.5 	 624.8389109837867 	 8.765111248751222e-06 	 -0.4747474747474747
1.57 	 1.34 	 351.92 	 900.56 	 567.0480954511969 	 8.268803064208227e-06 	 -0.4747474747474747
1.6 	 1.36 	 317.96 	 821.37 	 515.1774405913724 	 7.79906002674121e-06 	 -0.4747474747474747
1.49 	 1.27 	 480.16 	 1195.27 	 761.3431897507339 	 1.1411860834570439e-05 	 -0.4545454545454545
1.52 	 1.29 	 432.47 	 1086.32 	 689.3242970595501 	 1.0799595671393268e-05 	 -0.4545454545454545
1.55 	 1.32 	 389.91 	 988.5 	 624.8389109837867 	 1.0218008714377077e-05 	 -0.4545454545454545
1.57 	 1.34 	 351.92 	 900.56 	 567.0480954511969 	 9.66558303927073e-06 	 -0.4545454545454545
1.6 	 1.36 	 317.96 	 821.37 	 515.1774405913724 	 9.141223556436807e-06 	 -0.4545454545454545
1.49 	 1.27 	 480.16 	 1195.27 	 761.3431897507339 	 1.3231602380579063e-05 	 -0.43434343434343425
1.52 	 1.29 	 432.47 	 1086.32 	 689.3242970595501 	 1.2555668852302592e-05 	 -0.43434343434343425
1.55 	 1.32 	 389.91 	 988.5 	 624.8389109837867 	 1.19117372414367e-05 	 -0.43434343434343425
1.57 	 1.34 	 351.92 	 900.56 	 567.0480954511969 	 1.1298309412328921e-05 	 -0.43434343434343425
1.6 	 1.36 	 317.96 	 821.37 	 515.1774405913724 	 1.0714364015950637e-05 	 -0.43434343434343425
1.49 	 1.27 	 480.16 	 1195.27 	 761.3431897507339 	 1.5341520904932738e-05 	 -0.41414141414141414
1.52 	 1.29 	 432.47 	 1086.32 	 689.3242970595501 	 1.4597289113912125e-05 	 -0.41414141414141414
1.55 	 1.32 	 389.91 	 988.5 	 624.8389109837867 	 1.3886216784038046e-05 	 -0.41414141414141414
1.57 	 1.34 	 351.92 	 900.56 	 567.0480954511969 	 1.320683864160887e-05 	 -0.41414141414141414
1.6 	 1.36 	 317.96 	 821.37 	 515.1774405913724 	 1.2558230914882607e-05 	 -0.41414141414141414
1.49 	 1.27 	 480.16 	 1195.27 	 761.3431897507339 	 1.77878881866905e-05 	 -0.3939393939393939
1.52 	 1.29 	 432.47 	 1086.32 	 689.3242970595501 	 1.697088796954536e-05 	 -0.3939393939393939
1.55 	 1.32 	 389.91 	 988.5 	 624.8389109837867 	 1.618798439429336e-05 	 -0.3939393939393939
1.57 	 1.34 	 351.92 	 900.56 	 567.0480954511969 	 1.5437759804591854e-05 	 -0.3939393939393939
1.6 	 1.36 	 317.96 	 821.37 	 515.1774405913724 	 1.4719414374640364e-05 	 -0.3939393939393939
1.49 	 1.27 	 480.16 	 1195.27 	 761.3431897507339 	 2.0624354528009598e-05 	 -0.3737373737373737
1.52 	 1.29 	 432.47 	 1086.32 	 689.3242970595501 	 1.9730446949931834e-05 	 -0.3737373737373737
1.55 	 1.32 	 389.91 	 988.5 	 624.8389109837867 	 1.8871291066916662e-05 	 -0.3737373737373737
1.57 	 1.34 	 351.92 	 900.56 	 567.0480954511969 	 1.8045531883263775e-05 	 -0.3737373737373737
1.6 	 1.36 	 317.96 	 821.37 	 515.1774405913724 	 1.7252522349752848e-05 	 -0.3737373737373737
1.49 	 1.27 	 480.16 	 1195.27 	 761.3431897507339 	 2.3913125337458646e-05 	 -0.3535353535353535
1.52 	 1.29 	 432.47 	 1086.32 	 689.3242970595501 	 2.2938725277231423e-05 	 -0.3535353535353535
1.55 	 1.32 	 389.91 	 988.5 	 624.8389109837867 	 2.1999380395858988e-05 	 -0.3535353535353535
1.57 	 1.34 	 351.92 	 900.56 	 567.0480954511969 	 2.1093813161481397e-05 	 -0.3535353535353535
1.6 	 1.36 	 317.96 	 821.37 	 515.1774405913724 	 2.0221560440715197e-05 	 -0.3535353535353535
1.49 	 1.27 	 480.16 	 1195.27 	 761.3431897507339 	 2.7726325331946934e-05 	 -0.33333333333333326
1.52 	 1.29 	 432.47 	 1086.32 	 689.3242970595501 	 2.6668687165554235e-05 	 -0.33333333333333326
1.55 	 1.32 	 389.91 	 988.5 	 624.8389109837867 	 2.5645979179991473e-05 	 -0.33333333333333326
1.57 	 1.34 	 351.92 	 900.56 	 567.0480954511969 	 2.4657015186354918e-05 	 -0.33333333333333326
1.6 	 1.36 	 317.96 	 821.37 	 515.1774405913724 	 2.3701549162946297e-05 	 -0.33333333333333326
1.49 	 1.27 	 480.16 	 1195.27 	 761.3431897507339 	 3.21475802750366e-05 	 -0.31313131313131304
1.52 	 1.29 	 432.47 	 1086.32 	 689.3242970595501 	 3.100516120833192e-05 	 -0.31313131313131304
1.55 	 1.32 	 389.91 	 988.5 	 624.8389109837867 	 2.9897035110332476e-05 	 -0.31313131313131304
1.57 	 1.34 	 351.92 	 900.56 	 567.0480954511969 	 2.8822119227372542e-05 	 -0.31313131313131304
1.6 	 1.36 	 317.96 	 821.37 	 515.1774405913724 	 2.7780419536391282e-05 	 -0.31313131313131304
1.49 	 1.27 	 480.16 	 1195.27 	 761.3431897507339 	 3.727385094010764e-05 	 -0.2929292929292928
1.52 	 1.29 	 432.47 	 1086.32 	 689.3242970595501 	 3.6046769591129674e-05 	 -0.2929292929292928
1.55 	 1.32 	 389.91 	 988.5 	 624.8389109837867 	 3.4852742494847165e-05 	 -0.2929292929292928
1.57 	 1.34 	 351.92 	 900.56 	 567.0480954511969 	 3.3690799574824114e-05 	 -0.2929292929292928
1.6 	 1.36 	 317.96 	 821.37 	 515.1774405913724 	 3.2561234892798614e-05 	 -0.2929292929292928
1.49 	 1.27 	 480.16 	 1195.27 	 761.3431897507339 	 4.321755951828876e-05 	 -0.2727272727272727
1.52 	 1.29 	 432.47 	 1086.32 	 689.3242970595501 	 4.19081710049878e-05 	 -0.2727272727272727
1.55 	 1.32 	 389.91 	 988.5 	 624.8389109837867 	 4.0629903765685384e-05 	 -0.2727272727272727
1.57 	 1.34 	 351.92 	 900.56 	 567.0480954511969 	 3.938190550932775e-05 	 -0.2727272727272727
1.6 	 1.36 	 317.96 	 821.37 	 515.1774405913724 	 3.816479504044711e-05 	 -0.2727272727272727
1.49 	 1.27 	 480.16 	 1195.27 	 761.3431897507339 	 5.010905510455544e-05 	 -0.2525252525252525
1.52 	 1.29 	 432.47 	 1086.32 	 689.3242970595501 	 4.872266826971052e-05 	 -0.2525252525252525
1.55 	 1.32 	 389.91 	 988.5 	 624.8389109837867 	 4.7364682427872474e-05 	 -0.2525252525252525
1.57 	 1.34 	 351.92 	 900.56 	 567.0480954511969 	 4.603436252978044e-05 	 -0.2525252525252525
1.6 	 1.36 	 317.96 	 821.37 	 515.1774405913724 	 4.473268858735678e-05 	 -0.2525252525252525
1.49 	 1.27 	 480.16 	 1195.27 	 761.3431897507339 	 5.80994723315832e-05 	 -0.23232323232323226
1.52 	 1.29 	 432.47 	 1086.32 	 689.3242970595501 	 5.6645239970928976e-05 	 -0.23232323232323226
1.55 	 1.32 	 389.91 	 988.5 	 624.8389109837867 	 5.521581233445908e-05 	 -0.23232323232323226
1.57 	 1.34 	 351.92 	 900.56 	 567.0480954511969 	 5.381056366156081e-05 	 -0.23232323232323226
1.6 	 1.36 	 317.96 	 821.37 	 515.1774405913724 	 5.243087054791629e-05 	 -0.23232323232323226
1.49 	 1.27 	 480.16 	 1195.27 	 761.3431897507339 	 6.736404584291452e-05 	 -0.21212121212121204
1.52 	 1.29 	 432.47 	 1086.32 	 689.3242970595501 	 6.585606505789165e-05 	 -0.21212121212121204
1.55 	 1.32 	 389.91 	 988.5 	 624.8389109837867 	 6.436833892841836e-05 	 -0.21212121212121204
1.57 	 1.34 	 351.92 	 900.56 	 567.0480954511969 	 6.290033363015918e-05 	 -0.21212121212121204
1.6 	 1.36 	 317.96 	 821.37 	 515.1774405913724 	 6.145385563051839e-05 	 -0.21212121212121204
1.49 	 1.27 	 480.16 	 1195.27 	 761.3431897507339 	 7.810595329382125e-05 	 -0.19191919191919182
1.52 	 1.29 	 432.47 	 1086.32 	 689.3242970595501 	 7.656462056008698e-05 	 -0.19191919191919182
1.55 	 1.32 	 389.91 	 988.5 	 624.8389109837867 	 7.503798062965394e-05 	 -0.19191919191919182
1.57 	 1.34 	 351.92 	 900.56 	 567.0480954511969 	 7.352556266961385e-05 	 -0.19191919191919182
1.6 	 1.36 	 317.96 	 821.37 	 515.1774405913724 	 7.202963316058613e-05 	 -0.19191919191919182
1.49 	 1.27 	 480.16 	 1195.27 	 761.3431897507339 	 9.056077115917826e-05 	 -0.1717171717171716
1.52 	 1.29 	 432.47 	 1086.32 	 689.3242970595501 	 8.901444561494695e-05 	 -0.1717171717171716
1.55 	 1.32 	 389.91 	 988.5 	 624.8389109837867 	 8.74762131618467e-05 	 -0.1717171717171716
1.57 	 1.34 	 351.92 	 900.56 	 567.0480954511969 	 8.594562308158034e-05 	 -0.1717171717171716
1.6 	 1.36 	 317.96 	 821.37 	 515.1774405913724 	 8.442542782738096e-05 	 -0.1717171717171716
1.49 	 1.27 	 480.16 	 1195.27 	 761.3431897507339 	 0.00010500164106688936 	 -0.1515151515151515
1.52 	 1.29 	 432.47 	 1086.32 	 689.3242970595501 	 0.00010348868015244734 	 -0.1515151515151515
1.55 	 1.32 	 389.91 	 988.5 	 624.8389109837867 	 0.00010197619665304305 	 -0.1515151515151515
1.57 	 1.34 	 351.92 	 900.56 	 567.0480954511969 	 0.00010046370076857307 	 -0.1515151515151515
1.6 	 1.36 	 317.96 	 821.37 	 515.1774405913724 	 9.895445181492987e-05 	 -0.1515151515151515
1.49 	 1.27 	 480.16 	 1195.27 	 761.3431897507339 	 0.00012174525995765517 	 -0.13131313131313127
1.52 	 1.29 	 432.47 	 1086.32 	 689.3242970595501 	 0.0001203165042000464 	 -0.13131313131313127
1.55 	 1.32 	 389.91 	 988.5 	 624.8389109837867 	 0.00011887968520745002 	 -0.13131313131313127
1.57 	 1.34 	 351.92 	 900.56 	 567.0480954511969 	 0.00011743419630034085 	 -0.13131313131313127
1.6 	 1.36 	 317.96 	 821.37 	 515.1774405913724 	 0.00011598381892732952 	 -0.13131313131313127
1.49 	 1.27 	 480.16 	 1195.27 	 761.3431897507339 	 0.0001411588254388806 	 -0.11111111111111105
1.52 	 1.29 	 432.47 	 1086.32 	 689.3242970595501 	 0.00013988062425373797 	 -0.11111111111111105
1.55 	 1.32 	 389.91 	 988.5 	 624.8389109837867 	 0.00013858508180203516 	 -0.11111111111111105
1.57 	 1.34 	 351.92 	 900.56 	 567.0480954511969 	 0.00013727137618068934 	 -0.11111111111111105
1.6 	 1.36 	 317.96 	 821.37 	 515.1774405913724 	 0.00013594382067950514 	 -0.11111111111111105
1.49 	 1.27 	 480.16 	 1195.27 	 761.3431897507339 	 0.0001636680886485017 	 -0.09090909090909083
1.52 	 1.29 	 432.47 	 1086.32 	 689.3242970595501 	 0.00016262597697388816 	 -0.09090909090909083
1.55 	 1.32 	 389.91 	 988.5 	 624.8389109837867 	 0.0001615568283560123 	 -0.09090909090909083
1.57 	 1.34 	 351.92 	 900.56 	 567.0480954511969 	 0.0001604594855006949 	 -0.09090909090909083
1.6 	 1.36 	 317.96 	 821.37 	 515.1774405913724 	 0.00015933879873813 	 -0.09090909090909083
1.49 	 1.27 	 480.16 	 1195.27 	 761.3431897507339 	 0.00018976669123286387 	 -0.07070707070707061
1.52 	 1.29 	 432.47 	 1086.32 	 689.3242970595501 	 0.0001890698481495003 	 -0.07070707070707061
1.55 	 1.32 	 389.91 	 988.5 	 624.8389109837867 	 0.00018833635229034264 	 -0.07070707070707061
1.57 	 1.34 	 351.92 	 900.56 	 567.0480954511969 	 0.00018756456883812982 	 -0.07070707070707061
1.6 	 1.36 	 317.96 	 821.37 	 515.1774405913724 	 0.00018675988843336897 	 -0.07070707070707061
1.49 	 1.27 	 480.16 	 1195.27 	 761.3431897507339 	 0.00022002699120418154 	 -0.050505050505050386
1.52 	 1.29 	 432.47 	 1086.32 	 689.3242970595501 	 0.00021981363706128525 	 -0.050505050505050386
1.55 	 1.32 	 389.91 	 988.5 	 624.8389109837867 	 0.00021955482757972814 	 -0.050505050505050386
1.57 	 1.34 	 351.92 	 900.56 	 567.0480954511969 	 0.0002192482879628903 	 -0.050505050505050386
1.6 	 1.36 	 317.96 	 821.37 	 515.1774405913724 	 0.00021889995533961394 	 -0.050505050505050386
1.49 	 1.27 	 480.16 	 1195.27 	 761.3431897507339 	 0.00025511261509512473 	 -0.030303030303030276
1.52 	 1.29 	 432.47 	 1086.32 	 689.3242970595501 	 0.00025555653379434964 	 -0.030303030303030276
1.55 	 1.32 	 389.91 	 988.5 	 624.8389109837867 	 0.000255948051065848 	 -0.030303030303030276
1.57 	 1.34 	 351.92 	 900.56 	 567.0480954511969 	 0.00025628407365222144 	 -0.030303030303030276
1.6 	 1.36 	 317.96 	 821.37 	 515.1774405913724 	 0.0002565711023370019 	 -0.030303030303030276
1.49 	 1.27 	 480.16 	 1195.27 	 761.3431897507339 	 0.0002957930116868152 	 -0.010101010101010055
1.52 	 1.29 	 432.47 	 1086.32 	 689.3242970595501 	 0.0002971114205565603 	 -0.010101010101010055
1.55 	 1.32 	 389.91 	 988.5 	 624.8389109837867 	 0.00029837378465575817 	 -0.010101010101010055
1.57 	 1.34 	 351.92 	 900.56 	 567.0480954511969 	 0.00029957600589745285 	 -0.010101010101010055
1.6 	 1.36 	 317.96 	 821.37 	 515.1774405913724 	 0.0003007251895154292 	 -0.010101010101010055
1.49 	 1.27 	 480.16 	 1195.27 	 761.3431897507339 	 0.0003429603264822184 	 0.010101010101010166
1.52 	 1.29 	 432.47 	 1086.32 	 689.3242970595501 	 0.0003454233586380295 	 0.010101010101010166
1.55 	 1.32 	 389.91 	 988.5 	 624.8389109837867 	 0.0003478319721485073 	 0.010101010101010166
1.57 	 1.34 	 351.92 	 900.56 	 567.0480954511969 	 0.0003501808833866758 	 0.010101010101010166
1.6 	 1.36 	 317.96 	 821.37 	 515.1774405913724 	 0.00035247788541012344 	 0.010101010101010166
1.49 	 1.27 	 480.16 	 1195.27 	 761.3431897507339 	 0.0003976489669922542 	 0.030303030303030498
1.52 	 1.29 	 432.47 	 1086.32 	 689.3242970595501 	 0.0004015910814510831 	 0.030303030303030498
1.55 	 1.32 	 389.91 	 988.5 	 624.8389109837867 	 0.0004054883071859216 	 0.030303030303030498
1.57 	 1.34 	 351.92 	 900.56 	 567.0480954511969 	 0.0004093340210011635 	 0.030303030303030498
1.6 	 1.36 	 317.96 	 821.37 	 515.1774405913724 	 0.0004131368572861696 	 0.030303030303030498
1.49 	 1.27 	 480.16 	 1195.27 	 761.3431897507339 	 0.00046105828791309156 	 0.05050505050505061
1.52 	 1.29 	 432.47 	 1086.32 	 689.3242970595501 	 0.0004668919824558004 	 0.05050505050505061
1.55 	 1.32 	 389.91 	 988.5 	 624.8389109837867 	 0.00047270170780707967 	 0.05050505050505061
1.57 	 1.34 	 351.92 	 900.56 	 567.0480954511969 	 0.00047847940506782084 	 0.05050505050505061
1.6 	 1.36 	 317.96 	 821.37 	 515.1774405913724 	 0.000484234812773279 	 0.05050505050505061
1.49 	 1.27 	 480.16 	 1195.27 	 761.3431897507339 	 0.0005345788936941772 	 0.07070707070707072
1.52 	 1.29 	 432.47 	 1086.32 	 689.3242970595501 	 0.0005428111662585808 	 0.07070707070707072
1.55 	 1.32 	 389.91 	 988.5 	 624.8389109837867 	 0.000551056345161827 	 0.07070707070707072
1.57 	 1.34 	 351.92 	 900.56 	 567.0480954511969 	 0.0005593049424870687 	 0.07070707070707072
1.6 	 1.36 	 317.96 	 821.37 	 515.1774405913724 	 0.0005675682277341622 	 0.07070707070707072
1.49 	 1.27 	 480.16 	 1195.27 	 761.3431897507339 	 0.0006198231353280825 	 0.09090909090909105
1.52 	 1.29 	 432.47 	 1086.32 	 689.3242970595501 	 0.0006310752235778531 	 0.09090909090909105
1.55 	 1.32 	 389.91 	 988.5 	 624.8389109837867 	 0.0006423989812768827 	 0.09090909090909105
1.57 	 1.34 	 351.92 	 900.56 	 567.0480954511969 	 0.0006537836642020632 	 0.09090909090909105
1.6 	 1.36 	 317.96 	 821.37 	 515.1774405913724 	 0.0006652427389274109 	 0.09090909090909105
1.49 	 1.27 	 480.16 	 1195.27 	 761.3431897507339 	 0.0007186604701750857 	 0.11111111111111116
1.52 	 1.29 	 432.47 	 1086.32 	 689.3242970595501 	 0.0007336914982034807 	 0.11111111111111116
1.55 	 1.32 	 389.91 	 988.5 	 624.8389109837867 	 0.0007488824958986481 	 0.11111111111111116
1.57 	 1.34 	 351.92 	 900.56 	 567.0480954511969 	 0.0007642218888265192 	 0.11111111111111116
1.6 	 1.36 	 317.96 	 821.37 	 515.1774405913724 	 0.0007797263484292918 	 0.11111111111111116
1.49 	 1.27 	 480.16 	 1195.27 	 761.3431897507339 	 0.0008332584602846391 	 0.1313131313131315
1.52 	 1.29 	 432.47 	 1086.32 	 689.3242970595501 	 0.0008529937389780294 	 0.1313131313131315
1.55 	 1.32 	 389.91 	 988.5 	 624.8389109837867 	 0.0008730166283088586 	 0.1313131313131315
1.57 	 1.34 	 351.92 	 900.56 	 567.0480954511969 	 0.0008933155221527032 	 0.1313131313131315
1.6 	 1.36 	 317.96 	 821.37 	 515.1774405913724 	 0.000913911784163372 	 0.1313131313131315
1.49 	 1.27 	 480.16 	 1195.27 	 761.3431897507339 	 0.000966130308331514 	 0.1515151515151516
1.52 	 1.29 	 432.47 	 1086.32 	 689.3242970595501 	 0.000991695175039259 	 0.1515151515151516
1.55 	 1.32 	 389.91 	 988.5 	 624.8389109837867 	 0.0010177271300608887 	 0.1515151515151516
1.57 	 1.34 	 351.92 	 900.56 	 567.0480954511969 	 0.0010442158668660007 	 0.1515151515151516
1.6 	 1.36 	 317.96 	 821.37 	 515.1774405913724 	 0.0010711895922398962 	 0.1515151515151516
1.49 	 1.27 	 480.16 	 1195.27 	 761.3431897507339 	 0.00112018997365823 	 0.1717171717171717
1.52 	 1.29 	 432.47 	 1086.32 	 689.3242970595501 	 0.0011529502213866514 	 0.1717171717171717
1.55 	 1.32 	 389.91 	 988.5 	 624.8389109837867 	 0.0011864247228238777 	 0.1717171717171717
1.57 	 1.34 	 351.92 	 900.56 	 567.0480954511969 	 0.0012206065489460093 	 0.1717171717171717
1.6 	 1.36 	 317.96 	 821.37 	 515.1774405913724 	 0.0012555338079741347 	 0.1717171717171717
1.49 	 1.27 	 480.16 	 1195.27 	 761.3431897507339 	 0.0012988160771516266 	 0.19191919191919204
1.52 	 1.29 	 432.47 	 1086.32 	 689.3242970595501 	 0.0013404262181097206 	 0.19191919191919204
1.55 	 1.32 	 389.91 	 988.5 	 624.8389109837867 	 0.0013830854866210575 	 0.19191919191919204
1.57 	 1.34 	 351.92 	 900.56 	 567.0480954511969 	 0.0014267934386033199 	 0.19191919191919204
1.6 	 1.36 	 317.96 	 821.37 	 515.1774405913724 	 0.0014716023702861022 	 0.19191919191919204
1.49 	 1.27 	 480.16 	 1195.27 	 761.3431897507339 	 0.0015059259964258663 	 0.21212121212121215
1.52 	 1.29 	 432.47 	 1086.32 	 689.3242970595501 	 0.0015583868348062635 	 0.21212121212121215
1.55 	 1.32 	 389.91 	 988.5 	 624.8389109837867 	 0.0016123445731548326 	 0.21212121212121215
1.57 	 1.34 	 351.92 	 900.56 	 567.0480954511969 	 0.0016678097608105907 	 0.21212121212121215
1.6 	 1.36 	 317.96 	 821.37 	 515.1774405913724 	 0.0017248548167141738 	 0.21212121212121215
1.49 	 1.27 	 480.16 	 1195.27 	 761.3431897507339 	 0.0017460617762637177 	 0.2323232323232325
1.52 	 1.29 	 432.47 	 1086.32 	 689.3242970595501 	 0.0018117890370141201 	 0.2323232323232325
1.55 	 1.32 	 389.91 	 988.5 	 624.8389109837867 	 0.0018796054529737858 	 0.2323232323232325
1.57 	 1.34 	 351.92 	 900.56 	 567.0480954511969 	 0.0019495389612794697 	 0.2323232323232325
1.6 	 1.36 	 317.96 	 821.37 	 515.1774405913724 	 0.002021690232915074 	 0.2323232323232325
1.49 	 1.27 	 480.16 	 1195.27 	 761.3431897507339 	 0.0020244897383835613 	 0.2525252525252526
1.52 	 1.29 	 432.47 	 1086.32 	 689.3242970595501 	 0.002106395819913758 	 0.2525252525252526
1.55 	 1.32 	 389.91 	 988.5 	 624.8389109837867 	 0.0021911672713581425 	 0.2525252525252526
1.57 	 1.34 	 351.92 	 900.56 	 567.0480954511969 	 0.002278858327162815 	 0.2525252525252526
1.6 	 1.36 	 317.96 	 821.37 	 515.1774405913724 	 0.0023696089423052577 	 0.2525252525252526
1.49 	 1.27 	 480.16 	 1195.27 	 761.3431897507339 	 0.002347315975034159 	 0.27272727272727293
1.52 	 1.29 	 432.47 	 1086.32 	 689.3242970595501 	 0.0024489072731460554 	 0.27272727272727293
1.55 	 1.32 	 389.91 	 988.5 	 624.8389109837867 	 0.0025543733146096924 	 0.27272727272727293
1.57 	 1.34 	 351.92 	 900.56 	 567.0480954511969 	 0.0026638068684049503 	 0.27272727272727293
1.6 	 1.36 	 317.96 	 821.37 	 515.1774405913724 	 0.002777402021355525 	 0.27272727272727293
1.49 	 1.27 	 480.16 	 1195.27 	 761.3431897507339 	 0.002721620259260927 	 0.29292929292929304
1.52 	 1.29 	 432.47 	 1086.32 	 689.3242970595501 	 0.002847112957484495 	 0.29292929292929304
1.55 	 1.32 	 389.91 	 988.5 	 624.8389109837867 	 0.0029777840859889415 	 0.29292929292929304
1.57 	 1.34 	 351.92 	 900.56 	 567.0480954511969 	 0.00311378155788901 	 0.29292929292929304
1.6 	 1.36 	 317.96 	 821.37 	 515.1774405913724 	 0.0032553734291385986 	 0.29292929292929304
1.49 	 1.27 	 480.16 	 1195.27 	 761.3431897507339 	 0.0031556113085762683 	 0.31313131313131315
1.52 	 1.29 	 432.47 	 1086.32 	 689.3242970595501 	 0.0033100690587857325 	 0.31313131313131315
1.55 	 1.32 	 389.91 	 988.5 	 624.8389109837867 	 0.0034713790705740706 	 0.31313131313131315
1.57 	 1.34 	 351.92 	 900.56 	 567.0480954511969 	 0.0036397667207965913 	 0.31313131313131315
1.6 	 1.36 	 317.96 	 821.37 	 515.1774405913724 	 0.003815600363813891 	 0.31313131313131315
1.49 	 1.27 	 480.16 	 1195.27 	 761.3431897507339 	 0.003658806807059323 	 0.3333333333333335
1.52 	 1.29 	 432.47 	 1086.32 	 689.3242970595501 	 0.003848304348139077 	 0.3333333333333335
1.55 	 1.32 	 389.91 	 988.5 	 624.8389109837867 	 0.0040467919444930715 	 0.3333333333333335
1.57 	 1.34 	 351.92 	 900.56 	 567.0480954511969 	 0.004254602172799753 	 0.3333333333333335
1.6 	 1.36 	 317.96 	 821.37 	 515.1774405913724 	 0.004472238424637242 	 0.3333333333333335
1.49 	 1.27 	 480.16 	 1195.27 	 761.3431897507339 	 0.004242242133877838 	 0.3535353535353536
1.52 	 1.29 	 432.47 	 1086.32 	 689.3242970595501 	 0.0044740596322599985 	 0.3535353535353536
1.55 	 1.32 	 389.91 	 988.5 	 624.8389109837867 	 0.004717584772240317 	 0.3535353535353536
1.57 	 1.34 	 351.92 	 900.56 	 567.0480954511969 	 0.004973296652602692 	 0.3535353535353536
1.6 	 1.36 	 317.96 	 821.37 	 515.1774405913724 	 0.005241879290212087 	 0.3535353535353536
1.49 	 1.27 	 480.16 	 1195.27 	 761.3431897507339 	 0.004918712375773881 	 0.3737373737373739
1.52 	 1.29 	 432.47 	 1086.32 	 689.3242970595501 	 0.005201566139824213 	 0.3737373737373739
1.55 	 1.32 	 389.91 	 988.5 	 624.8389109837867 	 0.005499567654709677 	 0.3737373737373739
1.57 	 1.34 	 351.92 	 900.56 	 567.0480954511969 	 0.00581339420003001 	 0.3737373737373739
1.6 	 1.36 	 317.96 	 821.37 	 515.1774405913724 	 0.006143969950659155 	 0.3737373737373739
1.49 	 1.27 	 480.16 	 1195.27 	 761.3431897507339 	 0.005703052930992313 	 0.39393939393939403
1.52 	 1.29 	 432.47 	 1086.32 	 689.3242970595501 	 0.006047369174938482 	 0.39393939393939403
1.55 	 1.32 	 389.91 	 988.5 	 624.8389109837867 	 0.006411171361816524 	 0.39393939393939403
1.57 	 1.34 	 351.92 	 900.56 	 567.0480954511969 	 0.0067954024233113424 	 0.39393939393939403
1.6 	 1.36 	 317.96 	 821.37 	 515.1774405913724 	 0.007201304086701944 	 0.39393939393939403
1.49 	 1.27 	 480.16 	 1195.27 	 761.3431897507339 	 0.006612464858464681 	 0.41414141414141437
1.52 	 1.29 	 432.47 	 1086.32 	 689.3242970595501 	 0.0070307043984318375 	 0.41414141414141437
1.55 	 1.32 	 389.91 	 988.5 	 624.8389109837867 	 0.007473881732389788 	 0.41414141414141437
1.57 	 1.34 	 351.92 	 900.56 	 567.0480954511969 	 0.00794329310998854 	 0.41414141414141437
1.6 	 1.36 	 317.96 	 821.37 	 515.1774405913724 	 0.008440598011646608 	 0.41414141414141437
1.49 	 1.27 	 480.16 	 1195.27 	 761.3431897507339 	 0.007666892107351042 	 0.4343434343434345
1.52 	 1.29 	 432.47 	 1086.32 	 689.3242970595501 	 0.008173935294537648 	 0.4343434343434345
1.55 	 1.32 	 389.91 	 988.5 	 624.8389109837867 	 0.00871274607982444 	 0.4343434343434345
1.57 	 1.34 	 351.92 	 900.56 	 567.0480954511969 	 0.00928508740185032 	 0.4343434343434345
1.6 	 1.36 	 317.96 	 821.37 	 515.1774405913724 	 0.009893165728936865 	 0.4343434343434345
1.49 	 1.27 	 480.16 	 1195.27 	 761.3431897507339 	 0.008889458899810309 	 0.4545454545454546
1.52 	 1.29 	 432.47 	 1086.32 	 689.3242970595501 	 0.009503061772045312 	 0.4545454545454546
1.55 	 1.32 	 389.91 	 988.5 	 624.8389109837867 	 0.010156963539109061 	 0.4545454545454546
1.57 	 1.34 	 351.92 	 900.56 	 567.0480954511969 	 0.010853539818590932 	 0.4545454545454546
1.6 	 1.36 	 317.96 	 821.37 	 515.1774405913724 	 0.011595710162379492 	 0.4545454545454546
1.49 	 1.27 	 480.16 	 1195.27 	 761.3431897507339 	 0.010306976859065196 	 0.4747474747474749
1.52 	 1.29 	 432.47 	 1086.32 	 689.3242970595501 	 0.011048311466773982 	 0.4747474747474749
1.55 	 1.32 	 389.91 	 988.5 	 624.8389109837867 	 0.011840573269279698 	 0.4747474747474749
1.57 	 1.34 	 351.92 	 900.56 	 567.0480954511969 	 0.012686937827883462 	 0.4747474747474749
1.6 	 1.36 	 317.96 	 821.37 	 515.1774405913724 	 0.013591250551542188 	 0.4747474747474749
1.49 	 1.27 	 480.16 	 1195.27 	 761.3431897507339 	 0.011950533004384808 	 0.49494949494949503
1.52 	 1.29 	 432.47 	 1086.32 	 689.3242970595501 	 0.01284482719305504 	 0.49494949494949503
1.55 	 1.32 	 389.91 	 988.5 	 624.8389109837867 	 0.013803256731733703 	 0.49494949494949503
1.57 	 1.34 	 351.92 	 900.56 	 567.0480954511969 	 0.014830036480160676 	 0.49494949494949503
1.6 	 1.36 	 317.96 	 821.37 	 515.1774405913724 	 0.01593020944539455 	 0.49494949494949503
1.49 	 1.27 	 480.16 	 1195.27 	 761.3431897507339 	 0.013856171508067547 	 0.5151515151515154
1.52 	 1.29 	 432.47 	 1086.32 	 689.3242970595501 	 0.014933466178576339 	 0.5151515151515154
1.55 	 1.32 	 389.91 	 988.5 	 624.8389109837867 	 0.01609127295352166 	 0.5151515151515154
1.57 	 1.34 	 351.92 	 900.56 	 567.0480954511969 	 0.017335150923458702 	 0.5151515151515154
1.6 	 1.36 	 317.96 	 821.37 	 515.1774405913724 	 0.018671686759931225 	 0.5151515151515154
1.49 	 1.27 	 480.16 	 1195.27 	 761.3431897507339 	 0.01606568416576378 	 0.5353535353535355
1.52 	 1.29 	 432.47 	 1086.32 	 689.3242970595501 	 0.01736172925917287 	 0.5353535353535355
1.55 	 1.32 	 389.91 	 988.5 	 624.8389109837867 	 0.01875854881909564 	 0.5353535353535355
1.57 	 1.34 	 351.92 	 900.56 	 567.0480954511969 	 0.020263433467685867 	 0.5353535353535355
1.6 	 1.36 	 317.96 	 821.37 	 515.1774405913724 	 0.021884953092175467 	 0.5353535353535355
1.49 	 1.27 	 480.16 	 1195.27 	 761.3431897507339 	 0.018627526915627086 	 0.5555555555555556
1.52 	 1.29 	 432.47 	 1086.32 	 689.3242970595501 	 0.020184841165760473 	 0.5555555555555556
1.55 	 1.32 	 389.91 	 988.5 	 624.8389109837867 	 0.02186795008790049 	 0.5555555555555556
1.57 	 1.34 	 351.92 	 900.56 	 567.0480954511969 	 0.023686366372713877 	 0.5555555555555556
1.6 	 1.36 	 317.96 	 821.37 	 515.1774405913724 	 0.0256512000230495 	 0.5555555555555556
1.49 	 1.27 	 480.16 	 1195.27 	 761.3431897507339 	 0.021597882506108376 	 0.5757575757575759
1.52 	 1.29 	 432.47 	 1086.32 	 689.3242970595501 	 0.023467006471819016 	 0.5757575757575759
1.55 	 1.32 	 389.91 	 988.5 	 624.8389109837867 	 0.025492763094771328 	 0.5757575757575759
1.57 	 1.34 	 351.92 	 900.56 	 567.0480954511969 	 0.027687506800717146 	 0.5757575757575759
1.6 	 1.36 	 317.96 	 821.37 	 515.1774405913724 	 0.030065591635092186 	 0.5757575757575759
1.49 	 1.27 	 480.16 	 1195.27 	 761.3431897507339 	 0.025041892617335554 	 0.595959595959596
1.52 	 1.29 	 432.47 	 1086.32 	 689.3242970595501 	 0.027282869764788994 	 0.595959595959596
1.55 	 1.32 	 389.91 	 988.5 	 624.8389109837867 	 0.029718422055742325 	 0.595959595959596
1.57 	 1.34 	 351.92 	 900.56 	 567.0480954511969 	 0.03236452652876544 	 0.595959595959596
1.6 	 1.36 	 317.96 	 821.37 	 515.1774405913724 	 0.03523966908198708 	 0.595959595959596
1.49 	 1.27 	 480.16 	 1195.27 	 761.3431897507339 	 0.029035086457239942 	 0.6161616161616164
1.52 	 1.29 	 432.47 	 1086.32 	 689.3242970595501 	 0.03171921324930459 	 0.6161616161616164
1.55 	 1.32 	 389.91 	 988.5 	 624.8389109837867 	 0.03464452269061323 	 0.6161616161616164
1.57 	 1.34 	 351.92 	 900.56 	 567.0480954511969 	 0.037831596213062924 	 0.6161616161616164
1.6 	 1.36 	 317.96 	 821.37 	 515.1774405913724 	 0.04130416896764153 	 0.6161616161616164
1.49 	 1.27 	 480.16 	 1195.27 	 761.3431897507339 	 0.03366503716239857 	 0.6363636363636365
1.52 	 1.29 	 432.47 	 1086.32 	 689.3242970595501 	 0.03687693038997432 	 0.6363636363636365
1.55 	 1.32 	 389.91 	 988.5 	 624.8389109837867 	 0.040387169621897756 	 0.6363636363636365
1.57 	 1.34 	 351.92 	 900.56 	 567.0480954511969 	 0.04422217240706931 	 0.6363636363636365
1.6 	 1.36 	 317.96 	 821.37 	 515.1774405913724 	 0.048412326748537134 	 0.6363636363636365
1.49 	 1.27 	 480.16 	 1195.27 	 761.3431897507339 	 0.03903328232945838 	 0.6565656565656568
1.52 	 1.29 	 432.47 	 1086.32 	 689.3242970595501 	 0.04287332047924702 	 0.6565656565656568
1.55 	 1.32 	 389.91 	 988.5 	 624.8389109837867 	 0.04708171287664729 	 0.6565656565656568
1.57 	 1.34 	 351.92 	 900.56 	 567.0480954511969 	 0.05169225536736178 	 0.6565656565656568
1.6 	 1.36 	 317.96 	 821.37 	 515.1774405913724 	 0.05674374862845608 	 0.6565656565656568
1.49 	 1.27 	 480.16 	 1195.27 	 761.3431897507339 	 0.04525755079554622 	 0.6767676767676769
1.52 	 1.29 	 432.47 	 1086.32 	 689.3242970595501 	 0.04984475631453171 	 0.6767676767676769
1.55 	 1.32 	 389.91 	 988.5 	 624.8389109837867 	 0.054885937988513406 	 0.6767676767676769
1.57 	 1.34 	 351.92 	 900.56 	 567.0480954511969 	 0.060424197173483525 	 0.6767676767676769
1.6 	 1.36 	 317.96 	 821.37 	 515.1774405913724 	 0.06650894977913248 	 0.6767676767676769
1.49 	 1.27 	 480.16 	 1195.27 	 761.3431897507339 	 0.052474344502297564 	 0.696969696969697
1.52 	 1.29 	 432.47 	 1086.32 	 689.3242970595501 	 0.05794978565417343 	 0.696969696969697
1.55 	 1.32 	 389.91 	 988.5 	 624.8389109837867 	 0.06398378488844511 	 0.696969696969697
1.57 	 1.34 	 351.92 	 900.56 	 567.0480954511969 	 0.07063115312173614 	 0.696969696969697
1.6 	 1.36 	 317.96 	 821.37 	 515.1774405913724 	 0.07795467355684847 	 0.696969696969697
1.49 	 1.27 	 480.16 	 1195.27 	 761.3431897507339 	 0.060841932065329396 	 0.7171717171717173
1.52 	 1.29 	 432.47 	 1086.32 	 689.3242970595501 	 0.06737273698709226 	 0.7171717171717173
1.55 	 1.32 	 389.91 	 988.5 	 624.8389109837867 	 0.07458968323557867 	 0.7171717171717173
1.57 	 1.34 	 351.92 	 900.56 	 567.0480954511969 	 0.08256228505581865 	 0.7171717171717173
1.6 	 1.36 	 317.96 	 821.37 	 515.1774405913724 	 0.09137012611889851 	 0.7171717171717173
1.49 	 1.27 	 480.16 	 1195.27 	 761.3431897507339 	 0.07054381969993104 	 0.7373737373737375
1.52 	 1.29 	 432.47 	 1086.32 	 689.3242970595501 	 0.0783279116202391 	 0.7373737373737375
1.55 	 1.32 	 389.91 	 988.5 	 624.8389109837867 	 0.08695360636892689 	 0.7373737373737375
1.57 	 1.34 	 351.92 	 900.56 	 567.0480954511969 	 0.0965088436527383 	 0.7373737373737375
1.6 	 1.36 	 317.96 	 821.37 	 515.1774405913724 	 0.10709428397381797 	 0.7373737373737375
1.49 	 1.27 	 480.16 	 1195.27 	 761.3431897507339 	 0.08179277562245915 	 0.7575757575757578
1.52 	 1.29 	 432.47 	 1086.32 	 689.3242970595501 	 0.09106445742234635 	 0.7575757575757578
1.55 	 1.32 	 389.91 	 988.5 	 624.8389109837867 	 0.10136696299785058 	 0.7575757575757578
1.57 	 1.34 	 351.92 	 900.56 	 567.0480954511969 	 0.11281127813858016 	 0.7575757575757578
1.6 	 1.36 	 317.96 	 821.37 	 515.1774405913724 	 0.1255244591097544 	 0.7575757575757578
1.49 	 1.27 	 480.16 	 1195.27 	 761.3431897507339 	 0.0948354961849687 	 0.7777777777777779
1.52 	 1.29 	 432.47 	 1086.32 	 689.3242970595501 	 0.10587203506500185 	 0.7777777777777779
1.55 	 1.32 	 389.91 	 988.5 	 624.8389109837867 	 0.11816946549418197 	 0.7777777777777779
1.57 	 1.34 	 351.92 	 900.56 	 567.0480954511969 	 0.1318675469892959 	 0.7777777777777779
1.6 	 1.36 	 317.96 	 821.37 	 515.1774405913724 	 0.14712633812135523 	 0.7777777777777779
1.49 	 1.27 	 480.16 	 1195.27 	 761.3431897507339 	 0.10995801607421758 	 0.7979797979797982
1.52 	 1.29 	 432.47 	 1086.32 	 689.3242970595501 	 0.12308740562544054 	 0.7979797979797982
1.55 	 1.32 	 389.91 	 988.5 	 624.8389109837867 	 0.13775713666667516 	 0.7979797979797982
1.57 	 1.34 	 351.92 	 900.56 	 567.0480954511969 	 0.15414283248890293 	 0.7979797979797982
1.6 	 1.36 	 317.96 	 821.37 	 515.1774405913724 	 0.1724457489999835 	 0.7979797979797982
1.49 	 1.27 	 480.16 	 1195.27 	 761.3431897507339 	 0.12749198122394845 	 0.8181818181818183
1.52 	 1.29 	 432.47 	 1086.32 	 689.3242970595501 	 0.1431020893694901 	 0.8181818181818183
1.55 	 1.32 	 389.91 	 988.5 	 624.8389109837867 	 0.16059164373164814 	 0.8181818181818183
1.57 	 1.34 	 351.92 	 900.56 	 567.0480954511969 	 0.18018089628701886 	 0.8181818181818183
1.6 	 1.36 	 317.96 	 821.37 	 515.1774405913724 	 0.20212245290599573 	 0.8181818181818183
1.49 	 1.27 	 480.16 	 1195.27 	 761.3431897507339 	 0.1478219220091844 	 0.8383838383838385
1.52 	 1.29 	 432.47 	 1086.32 	 689.3242970595501 	 0.16637126989441556 	 0.8383838383838385
1.55 	 1.32 	 389.91 	 988.5 	 624.8389109837867 	 0.1872111794747503 	 0.8383838383838385
1.57 	 1.34 	 351.92 	 900.56 	 567.0480954511969 	 0.21061735315607807 	 0.8383838383838385
1.6 	 1.36 	 317.96 	 821.37 	 515.1774405913724 	 0.23690630940830196 	 0.8383838383838385
1.49 	 1.27 	 480.16 	 1195.27 	 761.3431897507339 	 0.17139368622804663 	 0.8585858585858588
1.52 	 1.29 	 432.47 	 1086.32 	 689.3242970595501 	 0.19342414613396844 	 0.8585858585858588
1.55 	 1.32 	 389.91 	 988.5 	 624.8389109837867 	 0.2182431470649443 	 0.8585858585858588
1.57 	 1.34 	 351.92 	 900.56 	 567.0480954511969 	 0.2461951869737041 	 0.8585858585858588
1.6 	 1.36 	 317.96 	 821.37 	 515.1774405913724 	 0.27767622364827027 	 0.8585858585858588
1.49 	 1.27 	 480.16 	 1195.27 	 761.3431897507339 	 0.19872421681144736 	 0.8787878787878789
1.52 	 1.29 	 432.47 	 1086.32 	 689.3242970595501 	 0.2248759676559427 	 0.8787878787878789
1.55 	 1.32 	 389.91 	 988.5 	 624.8389109837867 	 0.25441894749258165 	 0.8787878787878789
1.57 	 1.34 	 351.92 	 900.56 	 567.0480954511969 	 0.2877828876906475 	 0.8787878787878789
1.6 	 1.36 	 317.96 	 821.37 	 515.1774405913724 	 0.3254623541776471 	 0.8787878787878789
1.49 	 1.27 	 480.16 	 1195.27 	 761.3431897507339 	 0.23041288869170115 	 0.8989898989898992
1.52 	 1.29 	 432.47 	 1086.32 	 689.3242970595501 	 0.2614420269647811 	 0.8989898989898992
1.55 	 1.32 	 389.91 	 988.5 	 624.8389109837867 	 0.29659121816077594 	 0.8989898989898992
1.57 	 1.34 	 351.92 	 900.56 	 567.0480954511969 	 0.33639565202553634 	 0.8989898989898992
1.6 	 1.36 	 317.96 	 821.37 	 515.1774405913724 	 0.38147214260962986 	 0.8989898989898992
1.49 	 1.27 	 480.16 	 1195.27 	 761.3431897507339 	 0.26715465345437384 	 0.9191919191919193
1.52 	 1.29 	 432.47 	 1086.32 	 689.3242970595501 	 0.30395392702892454 	 0.9191919191919193
1.55 	 1.32 	 389.91 	 988.5 	 624.8389109837867 	 0.3457539289311684 	 0.9191919191919193
1.57 	 1.34 	 351.92 	 900.56 	 567.0480954511969 	 0.39322016541626004 	 0.9191919191919193
1.6 	 1.36 	 317.96 	 821.37 	 515.1774405913724 	 0.44712082279031184 	 0.9191919191919193
1.49 	 1.27 	 480.16 	 1195.27 	 761.3431897507339 	 0.3097552800434871 	 0.9393939393939394
1.52 	 1.29 	 432.47 	 1086.32 	 689.3242970595501 	 0.3533784939968751 	 0.9393939393939394
1.55 	 1.32 	 389.91 	 988.5 	 624.8389109837867 	 0.4030658092733423 	 0.9393939393939394
1.57 	 1.34 	 351.92 	 900.56 	 567.0480954511969 	 0.45964357017983476 	 0.9393939393939394
1.6 	 1.36 	 317.96 	 821.37 	 515.1774405913724 	 0.52406718038456 	 0.9393939393939394
1.49 	 1.27 	 480.16 	 1195.27 	 761.3431897507339 	 0.35914902575786767 	 0.9595959595959598
1.52 	 1.29 	 432.47 	 1086.32 	 689.3242970595501 	 0.4108397652240773 	 0.9595959595959598
1.55 	 1.32 	 389.91 	 988.5 	 624.8389109837867 	 0.4698776586788029 	 0.9595959595959598
1.57 	 1.34 	 351.92 	 900.56 	 567.0480954511969 	 0.5372873270220361 	 0.9595959595959598
1.6 	 1.36 	 317.96 	 821.37 	 515.1774405913724 	 0.6142554664358042 	 0.9595959595959598
1.49 	 1.27 	 480.16 	 1195.27 	 761.3431897507339 	 0.41641912507420903 	 0.9797979797979799
1.52 	 1.29 	 432.47 	 1086.32 	 689.3242970595501 	 0.47764455267294054 	 0.9797979797979799
1.55 	 1.32 	 389.91 	 988.5 	 624.8389109837867 	 0.5477641840262018 	 0.9797979797979799
1.57 	 1.34 	 351.92 	 900.56 	 567.0480954511969 	 0.6280467964895909 	 0.9797979797979799
1.6 	 1.36 	 317.96 	 821.37 	 515.1774405913724 	 0.719964523955492 	 0.9797979797979799
1.49 	 1.27 	 480.16 	 1195.27 	 761.3431897507339 	 0.482821545629018 	 1.0
1.52 	 1.29 	 432.47 	 1086.32 	 689.3242970595501 	 0.5553121630611881 	 1.0
1.55 	 1.32 	 389.91 	 988.5 	 624.8389109837867 	 0.6385611142814402 	 1.0
1.57 	 1.34 	 351.92 	 900.56 	 567.0480954511969 	 0.7341375065871605 	 1.0
1.6 	 1.36 	 317.96 	 821.37 	 515.1774405913724 	 0.8438653688540363 	 1.0
