1.36 	 1.16 	 371.09 	 990.99 	 614.7777849644485 	 0.0007662128960965375 	 -0.1
1.39 	 1.18 	 326.59 	 886.0 	 546.2286753683984 	 0.0007980719703740623 	 -0.1
1.41 	 1.2 	 287.71 	 793.45 	 486.0330415284906 	 0.0008309429975213635 	 -0.1
1.44 	 1.23 	 253.17 	 710.62 	 432.33057012460404 	 0.0008657577258584635 	 -0.1
1.47 	 1.25 	 223.05 	 636.57 	 384.81619480694707 	 0.0009020029838169457 	 -0.1
1.49 	 1.27 	 196.34 	 571.05 	 342.7491948162318 	 0.0009399136725671297 	 -0.1
1.52 	 1.29 	 172.96 	 512.28 	 305.38803510727365 	 0.000979562479621854 	 -0.1
1.55 	 1.32 	 152.26 	 459.7 	 272.108046575795 	 0.0010212959405817342 	 -0.1
1.57 	 1.34 	 134.03 	 413.01 	 242.65933258363864 	 0.001064784719651522 	 -0.1
1.6 	 1.36 	 117.87 	 371.09 	 216.35336224540208 	 0.0011106998831884563 	 -0.1
1.36 	 1.16 	 371.09 	 990.99 	 614.7777849644485 	 0.0008142453839713059 	 -0.09797979797979799
1.39 	 1.18 	 326.59 	 886.0 	 546.2286753683984 	 0.0008478895467544941 	 -0.09797979797979799
1.41 	 1.2 	 287.71 	 793.45 	 486.0330415284906 	 0.000882598447486663 	 -0.09797979797979799
1.44 	 1.23 	 253.17 	 710.62 	 432.33057012460404 	 0.0009193418971150194 	 -0.09797979797979799
1.47 	 1.25 	 223.05 	 636.57 	 384.81619480694707 	 0.0009575858031526638 	 -0.09797979797979799
1.49 	 1.27 	 196.34 	 571.05 	 342.7491948162318 	 0.0009975745950330439 	 -0.09797979797979799
1.52 	 1.29 	 172.96 	 512.28 	 305.38803510727365 	 0.0010393838612977812 	 -0.09797979797979799
1.55 	 1.32 	 152.26 	 459.7 	 272.108046575795 	 0.001083373794207953 	 -0.09797979797979799
1.57 	 1.34 	 134.03 	 413.01 	 242.65933258363864 	 0.0011292019786183838 	 -0.09797979797979799
1.6 	 1.36 	 117.87 	 371.09 	 216.35336224540208 	 0.0011775656409898061 	 -0.09797979797979799
1.36 	 1.16 	 371.09 	 990.99 	 614.7777849644485 	 0.0008652889408364208 	 -0.09595959595959597
1.39 	 1.18 	 326.59 	 886.0 	 546.2286753683984 	 0.0009008168563526668 	 -0.09595959595959597
1.41 	 1.2 	 287.71 	 793.45 	 486.0330415284906 	 0.0009374650509475414 	 -0.09595959595959597
1.44 	 1.23 	 253.17 	 710.62 	 432.33057012460404 	 0.0009762425428580211 	 -0.09595959595959597
1.47 	 1.25 	 223.05 	 636.57 	 384.81619480694707 	 0.0010165937218070498 	 -0.09595959595959597
1.49 	 1.27 	 196.34 	 571.05 	 342.7491948162318 	 0.0010587728444648903 	 -0.09595959595959597
1.52 	 1.29 	 172.96 	 512.28 	 305.38803510727365 	 0.001102858504281753 	 -0.09595959595959597
1.55 	 1.32 	 152.26 	 459.7 	 272.108046575795 	 0.001149224951690293 	 -0.09595959595959597
1.57 	 1.34 	 134.03 	 413.01 	 242.65933258363864 	 0.0011975163476547455 	 -0.09595959595959597
1.6 	 1.36 	 117.87 	 371.09 	 216.35336224540208 	 0.0012484568152281454 	 -0.09595959595959597
1.36 	 1.16 	 371.09 	 990.99 	 614.7777849644485 	 0.0009195323251107309 	 -0.09393939393939395
1.39 	 1.18 	 326.59 	 886.0 	 546.2286753683984 	 0.0009570480162129679 	 -0.09393939393939395
1.41 	 1.2 	 287.71 	 793.45 	 486.0330415284906 	 0.0009957424287916146 	 -0.09393939393939395
1.44 	 1.23 	 253.17 	 710.62 	 432.33057012460404 	 0.0010366649289852365 	 -0.09393939393939395
1.47 	 1.25 	 223.05 	 636.57 	 384.81619480694707 	 0.001079237799699029 	 -0.09393939393939395
1.49 	 1.27 	 196.34 	 571.05 	 342.7491948162318 	 0.0011237254254045457 	 -0.09393939393939395
1.52 	 1.29 	 172.96 	 512.28 	 305.38803510727365 	 0.0011702095113810126 	 -0.09393939393939395
1.55 	 1.32 	 152.26 	 459.7 	 272.108046575795 	 0.0012190787673179058 	 -0.09393939393939395
1.57 	 1.34 	 134.03 	 413.01 	 242.65933258363864 	 0.0012699635938071626 	 -0.09393939393939395
1.6 	 1.36 	 117.87 	 371.09 	 216.35336224540208 	 0.0013236157418617276 	 -0.09393939393939395
1.36 	 1.16 	 371.09 	 990.99 	 614.7777849644485 	 0.0009771761281338193 	 -0.09191919191919193
1.39 	 1.18 	 326.59 	 886.0 	 546.2286753683984 	 0.0010167892606336726 	 -0.09191919191919193
1.41 	 1.2 	 287.71 	 793.45 	 486.0330415284906 	 0.0010576426113097887 	 -0.09191919191919193
1.44 	 1.23 	 253.17 	 710.62 	 432.33057012460404 	 0.001100827025875945 	 -0.09191919191919193
1.47 	 1.25 	 223.05 	 636.57 	 384.81619480694707 	 0.001145742102586262 	 -0.09191919191919193
1.49 	 1.27 	 196.34 	 571.05 	 342.7491948162318 	 0.0011926626549803824 	 -0.09191919191919193
1.52 	 1.29 	 172.96 	 512.28 	 305.38803510727365 	 0.0012416736101775949 	 -0.09191919191919193
1.55 	 1.32 	 152.26 	 459.7 	 272.108046575795 	 0.0012931785363165817 	 -0.09191919191919193
1.57 	 1.34 	 134.03 	 413.01 	 242.65933258363864 	 0.0013467937475377105 	 -0.09191919191919193
1.6 	 1.36 	 117.87 	 371.09 	 216.35336224540208 	 0.0014032993458280045 	 -0.09191919191919193
1.36 	 1.16 	 371.09 	 990.99 	 614.7777849644485 	 0.001038433515950205 	 -0.08989898989898991
1.39 	 1.18 	 326.59 	 886.0 	 546.2286753683984 	 0.001080259697555143 	 -0.08989898989898991
1.41 	 1.2 	 287.71 	 793.45 	 486.0330415284906 	 0.0011233908096250128 	 -0.08989898989898991
1.44 	 1.23 	 253.17 	 710.62 	 432.33057012460404 	 0.0011689602947068897 	 -0.08989898989898991
1.47 	 1.25 	 223.05 	 636.57 	 384.81619480694707 	 0.0012163445035050409 	 -0.08989898989898991
1.49 	 1.27 	 196.34 	 571.05 	 342.7491948162318 	 0.0012658289795950543 	 -0.08989898989898991
1.52 	 1.29 	 172.96 	 512.28 	 305.38803510727365 	 0.0013175019850863942 	 -0.08989898989898991
1.55 	 1.32 	 152.26 	 459.7 	 272.108046575795 	 0.0013717823422264555 	 -0.08989898989898991
1.57 	 1.34 	 134.03 	 413.01 	 242.65933258363864 	 0.0014282719656309234 	 -0.08989898989898991
1.6 	 1.36 	 117.87 	 371.09 	 216.35336224540208 	 0.0014877800193215185 	 -0.08989898989898991
1.36 	 1.16 	 371.09 	 990.99 	 614.7777849644485 	 0.0011035310175946382 	 -0.08787878787878789
1.39 	 1.18 	 326.59 	 886.0 	 546.2286753683984 	 0.0011476921121636044 	 -0.08787878787878789
1.41 	 1.2 	 287.71 	 793.45 	 486.0330415284906 	 0.0011932262350767716 	 -0.08787878787878789
1.44 	 1.23 	 253.17 	 710.62 	 432.33057012460404 	 0.0012413105224355282 	 -0.08787878787878789
1.47 	 1.25 	 223.05 	 636.57 	 384.81619480694707 	 0.0012912975335961654 	 -0.08787878787878789
1.49 	 1.27 	 196.34 	 571.05 	 342.7491948162318 	 0.0013434838417146653 	 -0.08787878787878789
1.52 	 1.29 	 172.96 	 512.28 	 305.38803510727365 	 0.001397961160226573 	 -0.08787878787878789
1.55 	 1.32 	 152.26 	 459.7 	 272.108046575795 	 0.001455163955786241 	 -0.08787878787878789
1.57 	 1.34 	 134.03 	 413.01 	 242.65933258363864 	 0.001514679446304826 	 -0.08787878787878789
1.6 	 1.36 	 117.87 	 371.09 	 216.35336224540208 	 0.0015773465529454003 	 -0.08787878787878789
1.36 	 1.16 	 371.09 	 990.99 	 614.7777849644485 	 0.001172709362793579 	 -0.08585858585858586
1.39 	 1.18 	 326.59 	 886.0 	 546.2286753683984 	 0.0012193338206578032 	 -0.08585858585858586
1.41 	 1.2 	 287.71 	 793.45 	 486.0330415284906 	 0.0012674029695424907 	 -0.08585858585858586
1.44 	 1.23 	 253.17 	 710.62 	 432.33057012460404 	 0.0013181387084627405 	 -0.08585858585858586
1.47 	 1.25 	 223.05 	 636.57 	 384.81619480694707 	 0.0013708692853600152 	 -0.08585858585858586
1.49 	 1.27 	 196.34 	 571.05 	 342.7491948162318 	 0.001425902599832885 	 -0.08585858585858586
1.52 	 1.29 	 172.96 	 512.28 	 305.38803510727365 	 0.0014833339362094972 	 -0.08585858585858586
1.55 	 1.32 	 152.26 	 459.7 	 272.108046575795 	 0.0015436137884547146 	 -0.08585858585858586
1.57 	 1.34 	 134.03 	 413.01 	 242.65933258363864 	 0.0016063143996842613 	 -0.08585858585858586
1.6 	 1.36 	 117.87 	 371.09 	 216.35336224540208 	 0.0016723051229195576 	 -0.08585858585858586
1.36 	 1.16 	 371.09 	 990.99 	 614.7777849644485 	 0.0012462243721806214 	 -0.08383838383838385
1.39 	 1.18 	 326.59 	 886.0 	 546.2286753683984 	 0.0012954475773098411 	 -0.08383838383838385
1.41 	 1.2 	 287.71 	 793.45 	 486.0330415284906 	 0.001346190889862369 	 -0.08383838383838385
1.44 	 1.23 	 253.17 	 710.62 	 432.33057012460404 	 0.0013997220061735716 	 -0.08383838383838385
1.47 	 1.25 	 223.05 	 636.57 	 384.81619480694707 	 0.0014553443715716098 	 -0.08383838383838385
1.49 	 1.27 	 196.34 	 571.05 	 342.7491948162318 	 0.0015133775048721424 	 -0.08383838383838385
1.52 	 1.29 	 172.96 	 512.28 	 305.38803510727365 	 0.0015739203841358157 	 -0.08383838383838385
1.55 	 1.32 	 152.26 	 459.7 	 272.108046575795 	 0.001637439903890484 	 -0.08383838383838385
1.57 	 1.34 	 134.03 	 413.01 	 242.65933258363864 	 0.0017034930769858352 	 -0.08383838383838385
1.6 	 1.36 	 117.87 	 371.09 	 216.35336224540208 	 0.0017729803377202445 	 -0.08383838383838385
1.36 	 1.16 	 371.09 	 990.99 	 614.7777849644485 	 0.001324347903317933 	 -0.08181818181818182
1.39 	 1.18 	 326.59 	 886.0 	 546.2286753683984 	 0.0013763125381469317 	 -0.08181818181818182
1.41 	 1.2 	 287.71 	 793.45 	 486.0330415284906 	 0.0014298766497309239 	 -0.08181818181818182
1.44 	 1.23 	 253.17 	 710.62 	 432.33057012460404 	 0.0014863547227525703 	 -0.08181818181818182
1.47 	 1.25 	 223.05 	 636.57 	 384.81619480694707 	 0.0015450249432854796 	 -0.08181818181818182
1.49 	 1.27 	 196.34 	 571.05 	 342.7491948162318 	 0.0016062187364841432 	 -0.08181818181818182
1.52 	 1.29 	 172.96 	 512.28 	 305.38803510727365 	 0.0016700389002954545 	 -0.08181818181818182
1.55 	 1.32 	 152.26 	 459.7 	 272.108046575795 	 0.0017369690909129487 	 -0.08181818181818182
1.57 	 1.34 	 134.03 	 413.01 	 242.65933258363864 	 0.0018065508619664141 	 -0.08181818181818182
1.6 	 1.36 	 117.87 	 371.09 	 216.35336224540208 	 0.0018797163477288475 	 -0.08181818181818182
1.36 	 1.16 	 371.09 	 990.99 	 614.7777849644485 	 0.0014073688560220204 	 -0.07979797979797981
1.39 	 1.18 	 326.59 	 886.0 	 546.2286753683984 	 0.001462225284788496 	 -0.07979797979797981
1.41 	 1.2 	 287.71 	 793.45 	 486.0330415284906 	 0.001518764722627677 	 -0.07979797979797981
1.44 	 1.23 	 253.17 	 710.62 	 432.33057012460404 	 0.0015783493808805016 	 -0.07979797979797981
1.47 	 1.25 	 223.05 	 636.57 	 384.81619480694707 	 0.0016402317705715883 	 -0.07979797979797981
1.49 	 1.27 	 196.34 	 571.05 	 342.7491948162318 	 0.0017047555029243533 	 -0.07979797979797981
1.52 	 1.29 	 172.96 	 512.28 	 305.38803510727365 	 0.0017720273252775783 	 -0.07979797979797981
1.55 	 1.32 	 152.26 	 459.7 	 272.108046575795 	 0.0018425480016814938 	 -0.07979797979797981
1.57 	 1.34 	 134.03 	 413.01 	 242.65933258363864 	 0.0019158434284019877 	 -0.07979797979797981
1.6 	 1.36 	 117.87 	 371.09 	 216.35336224540208 	 0.001992878021683167 	 -0.07979797979797981
1.36 	 1.16 	 371.09 	 990.99 	 614.7777849644485 	 0.0014955942407115631 	 -0.07777777777777778
1.39 	 1.18 	 326.59 	 886.0 	 546.2286753683984 	 0.0015535009121936366 	 -0.07777777777777778
1.41 	 1.2 	 287.71 	 793.45 	 486.0330415284906 	 0.0016131785095815036 	 -0.07777777777777778
1.44 	 1.23 	 253.17 	 710.62 	 432.33057012460404 	 0.0016760378461424406 	 -0.07777777777777778
1.47 	 1.25 	 223.05 	 636.57 	 384.81619480694707 	 0.0017413053898478735 	 -0.07777777777777778
1.49 	 1.27 	 196.34 	 571.05 	 342.7491948162318 	 0.0018093372084005473 	 -0.07777777777777778
1.52 	 1.29 	 172.96 	 512.28 	 305.38803510727365 	 0.0018802441314240555 	 -0.07777777777777778
1.55 	 1.32 	 152.26 	 459.7 	 272.108046575795 	 0.0019545443590571173 	 -0.07777777777777778
1.57 	 1.34 	 134.03 	 413.01 	 242.65933258363864 	 0.002031747967591584 	 -0.07777777777777778
1.6 	 1.36 	 117.87 	 371.09 	 216.35336224540208 	 0.0021128521939527906 	 -0.07777777777777778
1.36 	 1.16 	 371.09 	 990.99 	 614.7777849644485 	 0.0015893503137279854 	 -0.07575757575757576
1.39 	 1.18 	 326.59 	 886.0 	 546.2286753683984 	 0.001650474184308436 	 -0.07575757575757576
1.41 	 1.2 	 287.71 	 793.45 	 486.0330415284906 	 0.00171346151579896 	 -0.07575757575757576
1.44 	 1.23 	 253.17 	 710.62 	 432.33057012460404 	 0.001779772524214315 	 -0.07575757575757576
1.47 	 1.25 	 223.05 	 636.57 	 384.81619480694707 	 0.0018486073219131781 	 -0.07575757575757576
1.49 	 1.27 	 196.34 	 571.05 	 342.7491948162318 	 0.0019203346920346903 	 -0.07575757575757576
1.52 	 1.29 	 172.96 	 512.28 	 305.38803510727365 	 0.0019950696828000733 	 -0.07575757575757576
1.55 	 1.32 	 152.26 	 459.7 	 272.108046575795 	 0.002073348237351576 	 -0.07575757575757576
1.57 	 1.34 	 134.03 	 413.01 	 242.65933258363864 	 0.002154664490122616 	 -0.07575757575757576
1.6 	 1.36 	 117.87 	 371.09 	 216.35336224540208 	 0.0022400489869022363 	 -0.07575757575757576
1.36 	 1.16 	 371.09 	 990.99 	 614.7777849644485 	 0.0016889837838272418 	 -0.07373737373737374
1.39 	 1.18 	 326.59 	 886.0 	 546.2286753683984 	 0.0017535007618515342 	 -0.07373737373737374
1.41 	 1.2 	 287.71 	 793.45 	 486.0330415284906 	 0.001819978600437541 	 -0.07373737373737374
1.44 	 1.23 	 253.17 	 710.62 	 432.33057012460404 	 0.0018899276321466762 	 -0.07373737373737374
1.47 	 1.25 	 223.05 	 636.57 	 384.81619480694707 	 0.0019625213650372748 	 -0.07373737373737374
1.49 	 1.27 	 196.34 	 571.05 	 342.7491948162318 	 0.0020381415428315217 	 -0.07373737373737374
1.52 	 1.29 	 172.96 	 512.28 	 305.38803510727365 	 0.0021169075721105385 	 -0.07373737373737374
1.55 	 1.32 	 152.26 	 459.7 	 272.108046575795 	 0.0021993734209248862 	 -0.07373737373737374
1.57 	 1.34 	 134.03 	 413.01 	 242.65933258363864 	 0.002285017206390327 	 -0.07373737373737374
1.6 	 1.36 	 117.87 	 371.09 	 216.35336224540208 	 0.0023749032128623465 	 -0.07373737373737374
1.36 	 1.16 	 371.09 	 990.99 	 614.7777849644485 	 0.0017948630943043407 	 -0.07171717171717172
1.39 	 1.18 	 326.59 	 886.0 	 546.2286753683984 	 0.0018629585067410585 	 -0.07171717171717172
1.41 	 1.2 	 287.71 	 793.45 	 486.0330415284906 	 0.001933117304070939 	 -0.07171717171717172
1.44 	 1.23 	 253.17 	 710.62 	 432.33057012460404 	 0.002006900548331776 	 -0.07171717171717172
1.47 	 1.25 	 223.05 	 636.57 	 384.81619480694707 	 0.0020834549677330866 	 -0.07171717171717172
1.49 	 1.27 	 196.34 	 571.05 	 342.7491948162318 	 0.0021631754953165263 	 -0.07171717171717172
1.52 	 1.29 	 172.96 	 512.28 	 305.38803510727365 	 0.00224618603926127 	 -0.07171717171717172
1.55 	 1.32 	 152.26 	 459.7 	 272.108046575795 	 0.0023330588453629795 	 -0.07171717171717172
1.57 	 1.34 	 134.03 	 413.01 	 242.65933258363864 	 0.0024232559906357974 	 -0.07171717171717172
1.6 	 1.36 	 117.87 	 371.09 	 216.35336224540208 	 0.0025178758605023544 	 -0.07171717171717172
1.36 	 1.16 	 371.09 	 990.99 	 614.7777849644485 	 0.0019073797854919302 	 -0.0696969696969697
1.39 	 1.18 	 326.59 	 886.0 	 546.2286753683984 	 0.001979248867947011 	 -0.0696969696969697
1.41 	 1.2 	 287.71 	 793.45 	 486.0330415284906 	 0.0020532892586759546 	 -0.0696969696969697
1.44 	 1.23 	 253.17 	 710.62 	 432.33057012460404 	 0.002131113246023909 	 -0.0696969696969697
1.47 	 1.25 	 223.05 	 636.57 	 384.81619480694707 	 0.00221184068612126 	 -0.0696969696969697
1.49 	 1.27 	 196.34 	 571.05 	 342.7491948162318 	 0.0022958799107921967 	 -0.0696969696969697
1.52 	 1.29 	 172.96 	 512.28 	 305.38803510727365 	 0.002383359476551002 	 -0.0696969696969697
1.55 	 1.32 	 152.26 	 459.7 	 272.108046575795 	 0.0024748701262550772 	 -0.0696969696969697
1.57 	 1.34 	 134.03 	 413.01 	 242.65933258363864 	 0.0025698579335551846 	 -0.0696969696969697
1.6 	 1.36 	 117.87 	 371.09 	 216.35336224540208 	 0.0026694556706837605 	 -0.0696969696969697
1.36 	 1.16 	 371.09 	 990.99 	 614.7777849644485 	 0.002026949942671428 	 -0.06767676767676768
1.39 	 1.18 	 326.59 	 886.0 	 546.2286753683984 	 0.0021027983538519203 	 -0.06767676767676768
1.41 	 1.2 	 287.71 	 793.45 	 486.0330415284906 	 0.0021809316852710444 	 -0.06767676767676768
1.44 	 1.23 	 253.17 	 710.62 	 432.33057012460404 	 0.002263013815584323 	 -0.06767676767676768
1.47 	 1.25 	 223.05 	 636.57 	 384.81619480694707 	 0.0023481377310997924 	 -0.06767676767676768
1.49 	 1.27 	 196.34 	 571.05 	 342.7491948162318 	 0.002436725349464953 	 -0.06767676767676768
1.52 	 1.29 	 172.96 	 512.28 	 305.38803510727365 	 0.002528910025784707 	 -0.06767676767676768
1.55 	 1.32 	 152.26 	 459.7 	 272.108046575795 	 0.0026253011808953734 	 -0.06767676767676768
1.57 	 1.34 	 134.03 	 413.01 	 242.65933258363864 	 0.002725328988838594 	 -0.06767676767676768
1.6 	 1.36 	 117.87 	 371.09 	 216.35336224540208 	 0.002830160807182898 	 -0.06767676767676768
1.36 	 1.16 	 371.09 	 990.99 	 614.7777849644485 	 0.0021540157347510478 	 -0.06565656565656566
1.39 	 1.18 	 326.59 	 886.0 	 546.2286753683984 	 0.0022340600965197726 	 -0.06565656565656566
1.41 	 1.2 	 287.71 	 793.45 	 486.0330415284906 	 0.00231650898465536 	 -0.06565656565656566
1.44 	 1.23 	 253.17 	 710.62 	 432.33057012460404 	 0.002403078080942143 	 -0.06565656565656566
1.47 	 1.25 	 223.05 	 636.57 	 384.81619480694707 	 0.0024928336108526574 	 -0.06565656565656566
1.49 	 1.27 	 196.34 	 571.05 	 342.7491948162318 	 0.0025862112390174228 	 -0.06565656565656566
1.52 	 1.29 	 172.96 	 512.28 	 305.38803510727365 	 0.0026833492729217995 	 -0.06565656565656566
1.55 	 1.32 	 152.26 	 459.7 	 272.108046575795 	 0.0027848759485572584 	 -0.06565656565656566
1.57 	 1.34 	 134.03 	 413.01 	 242.65933258363864 	 0.002890205719321134 	 -0.06565656565656566
1.6 	 1.36 	 117.87 	 371.09 	 216.35336224540208 	 0.0030005406279934635 	 -0.06565656565656566
1.36 	 1.16 	 371.09 	 990.99 	 614.7777849644485 	 0.002289047049400777 	 -0.06363636363636364
1.39 	 1.18 	 326.59 	 886.0 	 546.2286753683984 	 0.002373515513610391 	 -0.06363636363636364
1.41 	 1.2 	 287.71 	 793.45 	 486.0330415284906 	 0.0024605144270358494 	 -0.06363636363636364
1.44 	 1.23 	 253.17 	 710.62 	 432.33057012460404 	 0.0025518113161025887 	 -0.06363636363636364
1.47 	 1.25 	 223.05 	 636.57 	 384.81619480694707 	 0.0026464458745723424 	 -0.06363636363636364
1.49 	 1.27 	 196.34 	 571.05 	 342.7491948162318 	 0.002744867645542681 	 -0.06363636363636364
1.52 	 1.29 	 172.96 	 512.28 	 305.38803510727365 	 0.00284722004621565 	 -0.06363636363636364
1.55 	 1.32 	 152.26 	 459.7 	 272.108046575795 	 0.0029541502153317264 	 -0.06363636363636364
1.57 	 1.34 	 134.03 	 413.01 	 242.65933258363864 	 0.003065057148772478 	 -0.06363636363636364
1.6 	 1.36 	 117.87 	 371.09 	 216.35336224540208 	 0.0031811775632640104 	 -0.06363636363636364
1.36 	 1.16 	 371.09 	 990.99 	 614.7777849644485 	 0.002432543230690924 	 -0.061616161616161624
1.39 	 1.18 	 326.59 	 886.0 	 546.2286753683984 	 0.002521676074034542 	 -0.061616161616161624
1.41 	 1.2 	 287.71 	 793.45 	 486.0330415284906 	 0.0026134719466897557 	 -0.061616161616161624
1.44 	 1.23 	 253.17 	 710.62 	 432.33057012460404 	 0.0027097500678946954 	 -0.061616161616161624
1.47 	 1.25 	 223.05 	 636.57 	 384.81619480694707 	 0.00280952396363326 	 -0.061616161616161624
1.49 	 1.27 	 196.34 	 571.05 	 342.7491948162318 	 0.002913257153120069 	 -0.061616161616161624
1.52 	 1.29 	 172.96 	 512.28 	 305.38803510727365 	 0.003021098324164559 	 -0.061616161616161624
1.55 	 1.32 	 152.26 	 459.7 	 272.108046575795 	 0.003133713549885634 	 -0.061616161616161624
1.57 	 1.34 	 134.03 	 413.01 	 242.65933258363864 	 0.0032504867257158116 	 -0.061616161616161624
1.6 	 1.36 	 117.87 	 371.09 	 216.35336224540208 	 0.0033726891062900864 	 -0.061616161616161624
1.36 	 1.16 	 371.09 	 990.99 	 614.7777849644485 	 0.0025850349256601123 	 -0.059595959595959605
1.39 	 1.18 	 326.59 	 886.0 	 546.2286753683984 	 0.0026790851738254322 	 -0.059595959595959605
1.41 	 1.2 	 287.71 	 793.45 	 486.0330415284906 	 0.002775938048192074 	 -0.059595959595959605
1.44 	 1.23 	 253.17 	 710.62 	 432.33057012460404 	 0.0028774640915339993 	 -0.059595959595959605
1.47 	 1.25 	 223.05 	 636.57 	 384.81619480694707 	 0.002982651176837349 	 -0.059595959595959605
1.49 	 1.27 	 196.34 	 571.05 	 342.7491948162318 	 0.003091976858697422 	 -0.059595959595959605
1.52 	 1.29 	 172.96 	 512.28 	 305.38803510727365 	 0.0032055952599803453 	 -0.059595959595959605
1.55 	 1.32 	 152.26 	 459.7 	 272.108046575795 	 0.0033241913568819955 	 -0.059595959595959605
1.57 	 1.34 	 134.03 	 413.01 	 242.65933258363864 	 0.0034471344060537797 	 -0.059595959595959605
1.6 	 1.36 	 117.87 	 371.09 	 216.35336224540208 	 0.003575729924366931 	 -0.059595959595959605
1.36 	 1.16 	 371.09 	 990.99 	 614.7777849644485 	 0.0027470860466412192 	 -0.05757575757575758
1.39 	 1.18 	 326.59 	 886.0 	 546.2286753683984 	 0.0028463201291066887 	 -0.05757575757575758
1.41 	 1.2 	 287.71 	 793.45 	 486.0330415284906 	 0.002948503831143356 	 -0.05757575757575758
1.44 	 1.23 	 253.17 	 710.62 	 432.33057012460404 	 0.0030555584059826064 	 -0.05757575757575758
1.47 	 1.25 	 223.05 	 636.57 	 384.81619480694707 	 0.0031664467567611306 	 -0.05757575757575758
1.49 	 1.27 	 196.34 	 571.05 	 342.7491948162318 	 0.003281660489353427 	 -0.05757575757575758
1.52 	 1.29 	 172.96 	 512.28 	 305.38803510727365 	 0.003401359329690173 	 -0.05757575757575758
1.55 	 1.32 	 152.26 	 459.7 	 272.108046575795 	 0.0035262470552141715 	 -0.05757575757575758
1.57 	 1.34 	 134.03 	 413.01 	 242.65933258363864 	 0.0036556788616889232 	 -0.05757575757575758
1.6 	 1.36 	 117.87 	 371.09 	 216.35336224540208 	 0.00379099409671869 	 -0.05757575757575758
1.36 	 1.16 	 371.09 	 990.99 	 614.7777849644485 	 0.0029192958566019393 	 -0.05555555555555556
1.39 	 1.18 	 326.59 	 886.0 	 546.2286753683984 	 0.003023994293466169 	 -0.05555555555555556
1.41 	 1.2 	 287.71 	 793.45 	 486.0330415284906 	 0.003131797140764397 	 -0.05555555555555556
1.44 	 1.23 	 253.17 	 710.62 	 432.33057012460404 	 0.0032446754765212854 	 -0.05555555555555556
1.47 	 1.25 	 223.05 	 636.57 	 384.81619480694707 	 0.003361568104666721 	 -0.05555555555555556
1.49 	 1.27 	 196.34 	 571.05 	 342.7491948162318 	 0.0034829806494477544 	 -0.05555555555555556
1.52 	 1.29 	 172.96 	 512.28 	 305.38803510727365 	 0.0036090786114218666 	 -0.05555555555555556
1.55 	 1.32 	 152.26 	 459.7 	 272.108046575795 	 0.0037405843886405454 	 -0.05555555555555556
1.57 	 1.34 	 134.03 	 413.01 	 242.65933258363864 	 0.0038768398227611023 	 -0.05555555555555556
1.6 	 1.36 	 117.87 	 371.09 	 216.35336224540208 	 0.00401921748715415 	 -0.05555555555555556
1.36 	 1.16 	 371.09 	 990.99 	 614.7777849644485 	 0.003102301185211587 	 -0.05353535353535354
1.39 	 1.18 	 326.59 	 886.0 	 546.2286753683984 	 0.0032127593075013455 	 -0.05353535353535354
1.41 	 1.2 	 287.71 	 793.45 	 486.0330415284906 	 0.0033264848521823718 	 -0.05353535353535354
1.44 	 1.23 	 253.17 	 710.62 	 432.33057012460404 	 0.0034454975324070304 	 -0.05353535353535354
1.47 	 1.25 	 223.05 	 636.57 	 384.81619480694707 	 0.0035687131318990492 	 -0.05353535353535354
1.49 	 1.27 	 196.34 	 571.05 	 342.7491948162318 	 0.0036966512056272028 	 -0.05353535353535354
1.52 	 1.29 	 172.96 	 512.28 	 305.38803510727365 	 0.0038294832038840384 	 -0.05353535353535354
1.55 	 1.32 	 152.26 	 459.7 	 272.108046575795 	 0.003967949876867475 	 -0.05353535353535354
1.57 	 1.34 	 134.03 	 413.01 	 242.65933258363864 	 0.004111380561585357 	 -0.05353535353535354
1.6 	 1.36 	 117.87 	 371.09 	 216.35336224540208 	 0.004261180259559876 	 -0.05353535353535354
1.36 	 1.16 	 371.09 	 990.99 	 614.7777849644485 	 0.0032967787838290097 	 -0.05151515151515152
1.39 	 1.18 	 326.59 	 886.0 	 546.2286753683984 	 0.0034133074887867636 	 -0.05151515151515152
1.41 	 1.2 	 287.71 	 793.45 	 486.0330415284906 	 0.003533275296719231 	 -0.05151515151515152
1.44 	 1.23 	 253.17 	 710.62 	 432.33057012460404 	 0.0036587490279769604 	 -0.05151515151515152
1.47 	 1.25 	 223.05 	 636.57 	 384.81619480694707 	 0.003788622756179858 	 -0.05151515151515152
1.49 	 1.27 	 196.34 	 571.05 	 342.7491948162318 	 0.003923429818144912 	 -0.05151515151515152
1.52 	 1.29 	 172.96 	 512.28 	 305.38803510727365 	 0.004063347792541545 	 -0.05151515151515152
1.55 	 1.32 	 152.26 	 459.7 	 272.108046575795 	 0.004209135415617424 	 -0.05151515151515152
1.57 	 1.34 	 134.03 	 413.01 	 242.65933258363864 	 0.004360110526862889 	 -0.05151515151515152
1.6 	 1.36 	 117.87 	 371.09 	 216.35336224540208 	 0.004517709544829711 	 -0.05151515151515152
1.36 	 1.16 	 371.09 	 990.99 	 614.7777849644485 	 0.003503447828120467 	 -0.0494949494949495
1.39 	 1.18 	 326.59 	 886.0 	 546.2286753683984 	 0.0036263743710290217 	 -0.0494949494949495
1.41 	 1.2 	 287.71 	 793.45 	 486.0330415284906 	 0.003752920839010022 	 -0.0494949494949495
1.44 	 1.23 	 253.17 	 710.62 	 432.33057012460404 	 0.0038851992560768327 	 -0.0494949494949495
1.47 	 1.25 	 223.05 	 636.57 	 384.81619480694707 	 0.004022083551727154 	 -0.0494949494949495
1.49 	 1.27 	 196.34 	 571.05 	 342.7491948162318 	 0.004164120627468522 	 -0.0494949494949495
1.52 	 1.29 	 172.96 	 512.28 	 305.38803510727365 	 0.00431149437250599 	 -0.0494949494949495
1.55 	 1.32 	 152.26 	 459.7 	 272.108046575795 	 0.004464981034738164 	 -0.0494949494949495
1.57 	 1.34 	 134.03 	 413.01 	 242.65933258363864 	 0.004623888137256271 	 -0.0494949494949495
1.6 	 1.36 	 117.87 	 371.09 	 216.35336224540208 	 0.004789682268347298 	 -0.0494949494949495
1.36 	 1.16 	 371.09 	 990.99 	 614.7777849644485 	 0.0037230725775620086 	 -0.04747474747474748
1.39 	 1.18 	 326.59 	 886.0 	 546.2286753683984 	 0.003852741401721884 	 -0.04747474747474748
1.41 	 1.2 	 287.71 	 793.45 	 486.0330415284906 	 0.003986220614327315 	 -0.04747474747474748
1.44 	 1.23 	 253.17 	 710.62 	 432.33057012460404 	 0.004125665123241961 	 -0.04747474747474748
1.47 	 1.25 	 223.05 	 636.57 	 384.81619480694707 	 0.004269930562679156 	 -0.04747474747474748
1.49 	 1.27 	 196.34 	 571.05 	 342.7491948162318 	 0.004419577105703786 	 -0.04747474747474748
1.52 	 1.29 	 172.96 	 512.28 	 305.38803510727365 	 0.004574795137711754 	 -0.04747474747474748
1.55 	 1.32 	 152.26 	 459.7 	 272.108046575795 	 0.004736377823959159 	 -0.04747474747474748
1.57 	 1.34 	 134.03 	 413.01 	 242.65933258363864 	 0.004903623743970198 	 -0.04747474747474748
1.6 	 1.36 	 117.87 	 371.09 	 216.35336224540208 	 0.005078028147687221 	 -0.04747474747474748
1.36 	 1.16 	 371.09 	 990.99 	 614.7777849644485 	 0.0039564652016612235 	 -0.04545454545454546
1.39 	 1.18 	 326.59 	 886.0 	 546.2286753683984 	 0.004093238808195597 	 -0.04545454545454546
1.41 	 1.2 	 287.71 	 793.45 	 486.0330415284906 	 0.004234023436071096 	 -0.04545454545454546
1.44 	 1.23 	 253.17 	 710.62 	 432.33057012460404 	 0.004381014096641869 	 -0.04545454545454546
1.47 	 1.25 	 223.05 	 636.57 	 384.81619480694707 	 0.004533050289885763 	 -0.04545454545454546
1.49 	 1.27 	 196.34 	 571.05 	 342.7491948162318 	 0.004690705082944605 	 -0.04545454545454546
1.52 	 1.29 	 172.96 	 512.28 	 305.38803510727365 	 0.004854175546532509 	 -0.04545454545454546
1.55 	 1.32 	 152.26 	 459.7 	 272.108046575795 	 0.005024271036485512 	 -0.04545454545454546
1.57 	 1.34 	 134.03 	 413.01 	 242.65933258363864 	 0.00520028277256216 	 -0.04545454545454546
1.6 	 1.36 	 117.87 	 371.09 	 216.35336224540208 	 0.00538373287078215 	 -0.04545454545454546
1.36 	 1.16 	 371.09 	 990.99 	 614.7777849644485 	 0.004204488783349667 	 -0.043434343434343436
1.39 	 1.18 	 326.59 	 886.0 	 546.2286753683984 	 0.004348748642571886 	 -0.043434343434343436
1.41 	 1.2 	 287.71 	 793.45 	 486.0330415284906 	 0.004497230884002272 	 -0.043434343434343436
1.44 	 1.23 	 253.17 	 710.62 	 432.33057012460404 	 0.004652167333419593 	 -0.043434343434343436
1.47 	 1.25 	 223.05 	 636.57 	 384.81619480694707 	 0.004812383861750729 	 -0.043434343434343436
1.49 	 1.27 	 196.34 	 571.05 	 342.7491948162318 	 0.00497846595928064 	 -0.043434343434343436
1.52 	 1.29 	 172.96 	 512.28 	 305.38803510727365 	 0.00515061757461342 	 -0.043434343434343436
1.55 	 1.32 	 152.26 	 459.7 	 272.108046575795 	 0.005329663381238924 	 -0.043434343434343436
1.57 	 1.34 	 134.03 	 413.01 	 242.65933258363864 	 0.0055148890548261335 	 -0.043434343434343436
1.6 	 1.36 	 117.87 	 371.09 	 216.35336224540208 	 0.00570784146542022 	 -0.043434343434343436
1.36 	 1.16 	 371.09 	 990.99 	 614.7777849644485 	 0.004468060510652464 	 -0.04141414141414142
1.39 	 1.18 	 326.59 	 886.0 	 546.2286753683984 	 0.0046202080167923355 	 -0.04141414141414142
1.41 	 1.2 	 287.71 	 793.45 	 486.0330415284906 	 0.004776800584455774 	 -0.04141414141414142
1.44 	 1.23 	 253.17 	 710.62 	 432.33057012460404 	 0.004940103003714569 	 -0.04141414141414142
1.47 	 1.25 	 223.05 	 636.57 	 384.81619480694707 	 0.005108930400466064 	 -0.04141414141414142
1.49 	 1.27 	 196.34 	 571.05 	 342.7491948162318 	 0.005283880113852128 	 -0.04141414141414142
1.52 	 1.29 	 172.96 	 512.28 	 305.38803510727365 	 0.005465163166352113 	 -0.04141414141414142
1.55 	 1.32 	 152.26 	 459.7 	 272.108046575795 	 0.005653618515212243 	 -0.04141414141414142
1.57 	 1.34 	 134.03 	 413.01 	 242.65933258363864 	 0.005848528362248306 	 -0.04141414141414142
1.6 	 1.36 	 117.87 	 371.09 	 216.35336224540208 	 0.006051461871591211 	 -0.04141414141414142
1.36 	 1.16 	 371.09 	 990.99 	 614.7777849644485 	 0.004748155068437885 	 -0.0393939393939394
1.39 	 1.18 	 326.59 	 886.0 	 546.2286753683984 	 0.004908612539585128 	 -0.0393939393939394
1.41 	 1.2 	 287.71 	 793.45 	 486.0330415284906 	 0.005073749694467649 	 -0.0393939393939394
1.44 	 1.23 	 253.17 	 710.62 	 432.33057012460404 	 0.005245859819356718 	 -0.0393939393939394
1.47 	 1.25 	 223.05 	 636.57 	 384.81619480694707 	 0.005423750595678957 	 -0.0393939393939394
1.49 	 1.27 	 196.34 	 571.05 	 342.7491948162318 	 0.00560803052304011 	 -0.0393939393939394
1.52 	 1.29 	 172.96 	 512.28 	 305.38803510727365 	 0.005798917897159855 	 -0.0393939393939394
1.55 	 1.32 	 152.26 	 459.7 	 272.108046575795 	 0.005997264748101319 	 -0.0393939393939394
1.57 	 1.34 	 134.03 	 413.01 	 242.65933258363864 	 0.0062023521532295345 	 -0.0393939393939394
1.6 	 1.36 	 117.87 	 371.09 	 216.35336224540208 	 0.006415768728893064 	 -0.0393939393939394
1.36 	 1.16 	 371.09 	 990.99 	 614.7777849644485 	 0.005045808242789484 	 -0.03737373737373738
1.39 	 1.18 	 326.59 	 886.0 	 546.2286753683984 	 0.005215019967975467 	 -0.03737373737373738
1.41 	 1.2 	 287.71 	 793.45 	 486.0330415284906 	 0.005389158602492407 	 -0.03737373737373738
1.44 	 1.23 	 253.17 	 710.62 	 432.33057012460404 	 0.00557054078096127 	 -0.03737373737373738
1.47 	 1.25 	 223.05 	 636.57 	 384.81619480694707 	 0.00575797049837365 	 -0.03737373737373738
1.49 	 1.27 	 196.34 	 571.05 	 342.7491948162318 	 0.005952066600621906 	 -0.03737373737373738
1.52 	 1.29 	 172.96 	 512.28 	 305.38803510727365 	 0.006153054859375144 	 -0.03737373737373738
1.55 	 1.32 	 152.26 	 459.7 	 272.108046575795 	 0.006361798972116988 	 -0.03737373737373738
1.57 	 1.34 	 134.03 	 413.01 	 242.65933258363864 	 0.006577581547006921 	 -0.03737373737373738
1.6 	 1.36 	 117.87 	 371.09 	 216.35336224540208 	 0.0068020073919458825 	 -0.03737373737373738
1.36 	 1.16 	 371.09 	 990.99 	 614.7777849644485 	 0.005362120751329738 	 -0.03535353535353536
1.39 	 1.18 	 326.59 	 886.0 	 546.2286753683984 	 0.0055405540867321055 	 -0.03535353535353536
1.41 	 1.2 	 287.71 	 793.45 	 486.0330415284906 	 0.005724174859174873 	 -0.03535353535353536
1.44 	 1.23 	 253.17 	 710.62 	 432.33057012460404 	 0.005915317156941837 	 -0.03535353535353536
1.47 	 1.25 	 223.05 	 636.57 	 384.81619480694707 	 0.00611278554853811 	 -0.03535353535353536
1.49 	 1.27 	 196.34 	 571.05 	 342.7491948162318 	 0.00631720827350879 	 -0.03535353535353536
1.52 	 1.29 	 172.96 	 512.28 	 305.38803510727365 	 0.006528818785488041 	 -0.03535353535353536
1.55 	 1.32 	 152.26 	 459.7 	 272.108046575795 	 0.006748490830664421 	 -0.03535353535353536
1.57 	 1.34 	 134.03 	 413.01 	 242.65933258363864 	 0.006975511537989392 	 -0.03535353535353536
1.6 	 1.36 	 117.87 	 371.09 	 216.35336224540208 	 0.007211498187539748 	 -0.03535353535353536
1.36 	 1.16 	 371.09 	 990.99 	 614.7777849644485 	 0.005698262313659752 	 -0.03333333333333334
1.39 	 1.18 	 326.59 	 886.0 	 546.2286753683984 	 0.00588640882997828 	 -0.03333333333333334
1.41 	 1.2 	 287.71 	 793.45 	 486.0330415284906 	 0.006080017352477948 	 -0.03333333333333334
1.44 	 1.23 	 253.17 	 710.62 	 432.33057012460404 	 0.006281432708795698 	 -0.03333333333333334
1.47 	 1.25 	 223.05 	 636.57 	 384.81619480694707 	 0.006489464851021815 	 -0.03333333333333334
1.49 	 1.27 	 196.34 	 571.05 	 342.7491948162318 	 0.006704750307518088 	 -0.03333333333333334
1.52 	 1.29 	 172.96 	 512.28 	 305.38803510727365 	 0.006927530423167755 	 -0.03333333333333334
1.55 	 1.32 	 152.26 	 459.7 	 272.108046575795 	 0.007158687140409115 	 -0.03333333333333334
1.57 	 1.34 	 134.03 	 413.01 	 242.65933258363864 	 0.007397515465051806 	 -0.03333333333333334
1.6 	 1.36 	 117.87 	 371.09 	 216.35336224540208 	 0.007645640928068946 	 -0.03333333333333334
1.36 	 1.16 	 371.09 	 990.99 	 614.7777849644485 	 0.006055475976967275 	 -0.03131313131313132
1.39 	 1.18 	 326.59 	 886.0 	 546.2286753683984 	 0.006253852660083532 	 -0.03131313131313132
1.41 	 1.2 	 287.71 	 793.45 	 486.0330415284906 	 0.006457980742356574 	 -0.03131313131313132
1.44 	 1.23 	 253.17 	 710.62 	 432.33057012460404 	 0.006670208177903863 	 -0.03131313131313132
1.47 	 1.25 	 223.05 	 636.57 	 384.81619480694707 	 0.00688935571487847 	 -0.03131313131313132
1.49 	 1.27 	 196.34 	 571.05 	 342.7491948162318 	 0.0071160668985186335 	 -0.03131313131313132
1.52 	 1.29 	 172.96 	 512.28 	 305.38803510727365 	 0.007350591177470922 	 -0.03131313131313132
1.55 	 1.32 	 152.26 	 459.7 	 272.108046575795 	 0.007593816582131046 	 -0.03131313131313132
1.57 	 1.34 	 134.03 	 413.01 	 242.65933258363864 	 0.007845049751212077 	 -0.03131313131313132
1.6 	 1.36 	 117.87 	 371.09 	 216.35336224540208 	 0.008105919696681731 	 -0.03131313131313132
1.36 	 1.16 	 371.09 	 990.99 	 614.7777849644485 	 0.006435082712799331 	 -0.0292929292929293
1.39 	 1.18 	 326.59 	 886.0 	 546.2286753683984 	 0.006644233219896516 	 -0.0292929292929293
1.41 	 1.2 	 287.71 	 793.45 	 486.0330415284906 	 0.006859440171112511 	 -0.0292929292929293
1.44 	 1.23 	 253.17 	 710.62 	 432.33057012460404 	 0.0070830460500317495 	 -0.0292929292929293
1.47 	 1.25 	 223.05 	 636.57 	 384.81619480694707 	 0.007313888472430084 	 -0.0292929292929293
1.49 	 1.27 	 196.34 	 571.05 	 342.7491948162318 	 0.007552616545229338 	 -0.0292929292929293
1.52 	 1.29 	 172.96 	 512.28 	 305.38803510727365 	 0.007799488036547161 	 -0.0292929292929293
1.55 	 1.32 	 152.26 	 459.7 	 272.108046575795 	 0.008055394676705043 	 -0.0292929292929293
1.57 	 1.34 	 134.03 	 413.01 	 242.65933258363864 	 0.008319658930048848 	 -0.0292929292929293
1.6 	 1.36 	 117.87 	 371.09 	 216.35336224540208 	 0.008593907920502889 	 -0.0292929292929293
1.36 	 1.16 	 371.09 	 990.99 	 614.7777849644485 	 0.00683848630199802 	 -0.027272727272727282
1.39 	 1.18 	 326.59 	 886.0 	 546.2286753683984 	 0.007058982275381393 	 -0.027272727272727282
1.41 	 1.2 	 287.71 	 793.45 	 486.0330415284906 	 0.007285856266567673 	 -0.027272727272727282
1.44 	 1.23 	 253.17 	 710.62 	 432.33057012460404 	 0.007521435614718143 	 -0.027272727272727282
1.47 	 1.25 	 223.05 	 636.57 	 384.81619480694707 	 0.007764581595289167 	 -0.027272727272727282
1.49 	 1.27 	 196.34 	 571.05 	 342.7491948162318 	 0.008015947220949608 	 -0.027272727272727282
1.52 	 1.29 	 172.96 	 512.28 	 305.38803510727365 	 0.008275798798154951 	 -0.027272727272727282
1.55 	 1.32 	 152.26 	 459.7 	 272.108046575795 	 0.008545029063538188 	 -0.027272727272727282
1.57 	 1.34 	 134.03 	 413.01 	 242.65933258363864 	 0.008822980976206991 	 -0.027272727272727282
1.6 	 1.36 	 117.87 	 371.09 	 216.35336224540208 	 0.009111273749271908 	 -0.027272727272727282
1.36 	 1.16 	 371.09 	 990.99 	 614.7777849644485 	 0.007267178525864094 	 -0.025252525252525262
1.39 	 1.18 	 326.59 	 886.0 	 546.2286753683984 	 0.007499620966785503 	 -0.025252525252525262
1.41 	 1.2 	 287.71 	 793.45 	 486.0330415284906 	 0.007738780456259013 	 -0.025252525252525262
1.44 	 1.23 	 253.17 	 710.62 	 432.33057012460404 	 0.007986958337803952 	 -0.025252525252525262
1.47 	 1.25 	 223.05 	 636.57 	 384.81619480694707 	 0.008243047125638225 	 -0.025252525252525262
1.49 	 1.27 	 196.34 	 571.05 	 342.7491948162318 	 0.008507701862560084 	 -0.025252525252525262
1.52 	 1.29 	 172.96 	 512.28 	 305.38803510727365 	 0.008781197615358232 	 -0.025252525252525262
1.55 	 1.32 	 152.26 	 459.7 	 272.108046575795 	 0.00906442509984863 	 -0.025252525252525262
1.57 	 1.34 	 134.03 	 413.01 	 242.65933258363864 	 0.009356752958387603 	 -0.025252525252525262
1.6 	 1.36 	 117.87 	 371.09 	 216.35336224540208 	 0.009659785757782879 	 -0.025252525252525262
1.36 	 1.16 	 371.09 	 990.99 	 614.7777849644485 	 0.007722744682745081 	 -0.023232323232323243
1.39 	 1.18 	 326.59 	 886.0 	 546.2286753683984 	 0.007967765387597586 	 -0.023232323232323243
1.41 	 1.2 	 287.71 	 793.45 	 486.0330415284906 	 0.008219860611989496 	 -0.023232323232323243
1.44 	 1.23 	 253.17 	 710.62 	 432.33057012460404 	 0.008481293566481809 	 -0.023232323232323243
1.47 	 1.25 	 223.05 	 636.57 	 384.81619480694707 	 0.00875099644219298 	 -0.023232323232323243
1.49 	 1.27 	 196.34 	 571.05 	 342.7491948162318 	 0.009029624196257335 	 -0.023232323232323243
1.52 	 1.29 	 172.96 	 512.28 	 305.38803510727365 	 0.009317460880895774 	 -0.023232323232323243
1.55 	 1.32 	 152.26 	 459.7 	 272.108046575795 	 0.00961539180028778 	 -0.023232323232323243
1.57 	 1.34 	 134.03 	 413.01 	 242.65933258363864 	 0.009922817034332142 	 -0.023232323232323243
1.6 	 1.36 	 117.87 	 371.09 	 216.35336224540208 	 0.010241318991619775 	 -0.023232323232323243
1.36 	 1.16 	 371.09 	 990.99 	 614.7777849644485 	 0.008206869450448212 	 -0.021212121212121224
1.39 	 1.18 	 326.59 	 886.0 	 546.2286753683984 	 0.008465132511758027 	 -0.021212121212121224
1.41 	 1.2 	 287.71 	 793.45 	 486.0330415284906 	 0.008730847045271814 	 -0.021212121212121224
1.44 	 1.23 	 253.17 	 710.62 	 432.33057012460404 	 0.009006224587447128 	 -0.021212121212121224
1.47 	 1.25 	 223.05 	 636.57 	 384.81619480694707 	 0.009290246381473273 	 -0.021212121212121224
1.49 	 1.27 	 196.34 	 571.05 	 342.7491948162318 	 0.00958356492068014 	 -0.021212121212121224
1.52 	 1.29 	 172.96 	 512.28 	 305.38803510727365 	 0.00988647347090611 	 -0.021212121212121224
1.55 	 1.32 	 152.26 	 459.7 	 272.108046575795 	 0.01019984813759292 	 -0.021212121212121224
1.57 	 1.34 	 134.03 	 413.01 	 242.65933258363864 	 0.010523126808490591 	 -0.021212121212121224
1.6 	 1.36 	 117.87 	 371.09 	 216.35336224540208 	 0.010857861376853664 	 -0.021212121212121224
1.36 	 1.16 	 371.09 	 990.99 	 614.7777849644485 	 0.008721343116157437 	 -0.019191919191919204
1.39 	 1.18 	 326.59 	 886.0 	 546.2286753683984 	 0.008993546490859839 	 -0.019191919191919204
1.41 	 1.2 	 287.71 	 793.45 	 486.0330415284906 	 0.009273598875477993 	 -0.019191919191919204
1.44 	 1.23 	 253.17 	 710.62 	 432.33057012460404 	 0.009563645060005137 	 -0.019191919191919204
1.47 	 1.25 	 223.05 	 636.57 	 384.81619480694707 	 0.009862725736276086 	 -0.019191919191919204
1.49 	 1.27 	 196.34 	 571.05 	 342.7491948162318 	 0.010171488269352267 	 -0.019191919191919204
1.52 	 1.29 	 172.96 	 512.28 	 305.38803510727365 	 0.010490235369953431 	 -0.019191919191919204
1.55 	 1.32 	 152.26 	 459.7 	 272.108046575795 	 0.010819829726215001 	 -0.019191919191919204
1.57 	 1.34 	 134.03 	 413.01 	 242.65933258363864 	 0.01115975407431529 	 -0.019191919191919204
1.6 	 1.36 	 117.87 	 371.09 	 216.35336224540208 	 0.011511520515613232 	 -0.019191919191919204
1.36 	 1.16 	 371.09 	 990.99 	 614.7777849644485 	 0.009268068196892371 	 -0.01717171717171717
1.39 	 1.18 	 326.59 	 886.0 	 546.2286753683984 	 0.009554945344436143 	 -0.01717171717171717
1.41 	 1.2 	 287.71 	 793.45 	 486.0330415284906 	 0.00985009079386401 	 -0.01717171717171717
1.44 	 1.23 	 253.17 	 710.62 	 432.33057012460404 	 0.01015556584734098 	 -0.01717171717171717
1.47 	 1.25 	 223.05 	 636.57 	 384.81619480694707 	 0.010470482154594583 	 -0.01717171717171717
1.49 	 1.27 	 196.34 	 571.05 	 342.7491948162318 	 0.010795478975711736 	 -0.01717171717171717
1.52 	 1.29 	 172.96 	 512.28 	 305.38803510727365 	 0.011130868700640548 	 -0.01717171717171717
1.55 	 1.32 	 152.26 	 459.7 	 272.108046575795 	 0.01147749591220023 	 -0.01717171717171717
1.57 	 1.34 	 134.03 	 413.01 	 242.65933258363864 	 0.011834895964449612 	 -0.01717171717171717
1.6 	 1.36 	 117.87 	 371.09 	 216.35336224540208 	 0.012204530890758528 	 -0.01717171717171717
1.36 	 1.16 	 371.09 	 990.99 	 614.7777849644485 	 0.009849066474991924 	 -0.015151515151515152
1.39 	 1.18 	 326.59 	 886.0 	 546.2286753683984 	 0.01015138806787146 	 -0.015151515151515152
1.41 	 1.2 	 287.71 	 793.45 	 486.0330415284906 	 0.01046242024807909 	 -0.015151515151515152
1.44 	 1.23 	 253.17 	 710.62 	 432.33057012460404 	 0.01078412227059618 	 -0.015151515151515152
1.47 	 1.25 	 223.05 	 636.57 	 384.81619480694707 	 0.011115689463659099 	 -0.015151515151515152
1.49 	 1.27 	 196.34 	 571.05 	 342.7491948162318 	 0.011457749665423895 	 -0.015151515151515152
1.52 	 1.29 	 172.96 	 512.28 	 305.38803510727365 	 0.011810625182516701 	 -0.015151515151515152
1.55 	 1.32 	 152.26 	 459.7 	 272.108046575795 	 0.012175137294018739 	 -0.015151515151515152
1.57 	 1.34 	 134.03 	 413.01 	 242.65933258363864 	 0.012550882533488027 	 -0.015151515151515152
1.6 	 1.36 	 117.87 	 371.09 	 216.35336224540208 	 0.012939261504286544 	 -0.015151515151515152
1.36 	 1.16 	 371.09 	 990.99 	 614.7777849644485 	 0.010466486474639438 	 -0.013131313131313133
1.39 	 1.18 	 326.59 	 886.0 	 546.2286753683984 	 0.010785062184006069 	 -0.013131313131313133
1.41 	 1.2 	 287.71 	 793.45 	 486.0330415284906 	 0.011112815073298976 	 -0.013131313131313133
1.44 	 1.23 	 253.17 	 710.62 	 432.33057012460404 	 0.01145158181192026 	 -0.013131313131313133
1.47 	 1.25 	 223.05 	 636.57 	 384.81619480694707 	 0.011800655445297029 	 -0.013131313131313133
1.49 	 1.27 	 196.34 	 571.05 	 342.7491948162318 	 0.012160648702191197 	 -0.013131313131313133
1.52 	 1.29 	 172.96 	 512.28 	 305.38803510727365 	 0.01253189404649706 	 -0.013131313131313133
1.55 	 1.32 	 152.26 	 459.7 	 272.108046575795 	 0.012915183700535045 	 -0.013131313131313133
1.57 	 1.34 	 134.03 	 413.01 	 242.65933258363864 	 0.013310184799477503 	 -0.013131313131313133
1.6 	 1.36 	 117.87 	 371.09 	 216.35336224540208 	 0.013718223975580096 	 -0.013131313131313133
1.36 	 1.16 	 371.09 	 990.99 	 614.7777849644485 	 0.011122611407077546 	 -0.011111111111111113
1.39 	 1.18 	 326.59 	 886.0 	 546.2286753683984 	 0.0114582917661296 	 -0.011111111111111113
1.41 	 1.2 	 287.71 	 793.45 	 486.0330415284906 	 0.011803641597747385 	 -0.011111111111111113
1.44 	 1.23 	 253.17 	 710.62 	 432.33057012460404 	 0.012160352294285798 	 -0.011111111111111113
1.47 	 1.25 	 223.05 	 636.57 	 384.81619480694707 	 0.01252783009042228 	 -0.011111111111111113
1.49 	 1.27 	 196.34 	 571.05 	 342.7491948162318 	 0.012906668514880098 	 -0.011111111111111113
1.52 	 1.29 	 172.96 	 512.28 	 305.38803510727365 	 0.013297210432611768 	 -0.011111111111111113
1.55 	 1.32 	 152.26 	 459.7 	 272.108046575795 	 0.013700212653906642 	 -0.011111111111111113
1.57 	 1.34 	 134.03 	 413.01 	 242.65933258363864 	 0.01411542327191289 	 -0.011111111111111113
1.6 	 1.36 	 117.87 	 371.09 	 216.35336224540208 	 0.014544081127183103 	 -0.011111111111111113
1.36 	 1.16 	 371.09 	 990.99 	 614.7777849644485 	 0.011819867613894119 	 -0.009090909090909094
1.39 	 1.18 	 326.59 	 886.0 	 546.2286753683984 	 0.012173545961789276 	 -0.009090909090909094
1.41 	 1.2 	 287.71 	 793.45 	 486.0330415284906 	 0.012537413252096148 	 -0.009090909090909094
1.44 	 1.23 	 253.17 	 710.62 	 432.33057012460404 	 0.012912990567575193 	 -0.009090909090909094
1.47 	 1.25 	 223.05 	 636.57 	 384.81619480694707 	 0.013299814362179235 	 -0.009090909090909094
1.49 	 1.27 	 196.34 	 571.05 	 342.7491948162318 	 0.0136984544354925 	 -0.009090909090909094
1.52 	 1.29 	 172.96 	 512.28 	 305.38803510727365 	 0.014109264300601327 	 -0.009090909090909094
1.55 	 1.32 	 152.26 	 459.7 	 272.108046575795 	 0.01453295834688652 	 -0.009090909090909094
1.57 	 1.34 	 134.03 	 413.01 	 242.65933258363864 	 0.014969376995658352 	 -0.009090909090909094
1.6 	 1.36 	 117.87 	 371.09 	 216.35336224540208 	 0.015419656087452008 	 -0.009090909090909094
1.36 	 1.16 	 371.09 	 990.99 	 614.7777849644485 	 0.012560833539602325 	 -0.007070707070707075
1.39 	 1.18 	 326.59 	 886.0 	 546.2286753683984 	 0.012933448048674846 	 -0.007070707070707075
1.41 	 1.2 	 287.71 	 793.45 	 486.0330415284906 	 0.013316799714067382 	 -0.007070707070707075
1.44 	 1.23 	 253.17 	 710.62 	 432.33057012460404 	 0.0137122117322736 	 -0.007070707070707075
1.47 	 1.25 	 223.05 	 636.57 	 384.81619480694707 	 0.014119369499085106 	 -0.007070707070707075
1.49 	 1.27 	 196.34 	 571.05 	 342.7491948162318 	 0.014538814079320728 	 -0.007070707070707075
1.52 	 1.29 	 172.96 	 512.28 	 305.38803510727365 	 0.014970909884677407 	 -0.007070707070707075
1.55 	 1.32 	 152.26 	 459.7 	 272.108046575795 	 0.01541632116579683 	 -0.007070707070707075
1.57 	 1.34 	 134.03 	 413.01 	 242.65933258363864 	 0.015874993142007167 	 -0.007070707070707075
1.6 	 1.36 	 117.87 	 371.09 	 216.35336224540208 	 0.016347941941200247 	 -0.007070707070707075
1.36 	 1.16 	 371.09 	 990.99 	 614.7777849644485 	 0.013348249266695386 	 -0.005050505050505055
1.39 	 1.18 	 326.59 	 886.0 	 546.2286753683984 	 0.01374078505579366 	 -0.005050505050505055
1.41 	 1.2 	 287.71 	 793.45 	 486.0330415284906 	 0.014144636621508487 	 -0.005050505050505055
1.44 	 1.23 	 253.17 	 710.62 	 432.33057012460404 	 0.014560898934042128 	 -0.005050505050505055
1.47 	 1.25 	 223.05 	 636.57 	 384.81619480694707 	 0.014989426891446427 	 -0.005050505050505055
1.49 	 1.27 	 196.34 	 571.05 	 342.7491948162318 	 0.015430727300547094 	 -0.005050505050505055
1.52 	 1.29 	 172.96 	 512.28 	 305.38803510727365 	 0.015885175725681138 	 -0.005050505050505055
1.55 	 1.32 	 152.26 	 459.7 	 272.108046575795 	 0.016353377792341323 	 -0.005050505050505055
1.57 	 1.34 	 134.03 	 413.01 	 242.65933258363864 	 0.016835397179980702 	 -0.005050505050505055
1.6 	 1.36 	 117.87 	 371.09 	 216.35336224540208 	 0.017332111961325607 	 -0.005050505050505055
1.36 	 1.16 	 371.09 	 990.99 	 614.7777849644485 	 0.014185026648436492 	 -0.003030303030303036
1.39 	 1.18 	 326.59 	 886.0 	 546.2286753683984 	 0.014598517985222631 	 -0.003030303030303036
1.41 	 1.2 	 287.71 	 793.45 	 486.0330415284906 	 0.015023935889279135 	 -0.003030303030303036
1.44 	 1.23 	 253.17 	 710.62 	 432.33057012460404 	 0.015462113764504602 	 -0.003030303030303036
1.47 	 1.25 	 223.05 	 636.57 	 384.81619480694707 	 0.015913098566375516 	 -0.003030303030303036
1.49 	 1.27 	 196.34 	 571.05 	 342.7491948162318 	 0.016377356758590172 	 -0.003030303030303036
1.52 	 1.29 	 172.96 	 512.28 	 305.38803510727365 	 0.01685527531590019 	 -0.003030303030303036
1.55 	 1.32 	 152.26 	 459.7 	 272.108046575795 	 0.017347391919440427 	 -0.003030303030303036
1.57 	 1.34 	 134.03 	 413.01 	 242.65933258363864 	 0.017853903662969794 	 -0.003030303030303036
1.6 	 1.36 	 117.87 	 371.09 	 216.35336224540208 	 0.018375530456396463 	 -0.003030303030303036
1.36 	 1.16 	 371.09 	 990.99 	 614.7777849644485 	 0.01507426007685487 	 -0.0010101010101010166
1.39 	 1.18 	 326.59 	 886.0 	 546.2286753683984 	 0.015509792671926719 	 -0.0010101010101010166
1.41 	 1.2 	 287.71 	 793.45 	 486.0330415284906 	 0.015957896667485927 	 -0.0010101010101010166
1.44 	 1.23 	 253.17 	 710.62 	 432.33057012460404 	 0.016419107305768156 	 -0.0010101010101010166
1.47 	 1.25 	 223.05 	 636.57 	 384.81619480694707 	 0.016893688318909895 	 -0.0010101010101010166
1.49 	 1.27 	 196.34 	 571.05 	 342.7491948162318 	 0.017382059132665103 	 -0.0010101010101010166
1.52 	 1.29 	 172.96 	 512.28 	 305.38803510727365 	 0.017884618393959405 	 -0.0010101010101010166
1.55 	 1.32 	 152.26 	 459.7 	 272.108046575795 	 0.018401825618411423 	 -0.0010101010101010166
1.57 	 1.34 	 134.03 	 413.01 	 242.65933258363864 	 0.0189340276679455 	 -0.0010101010101010166
1.6 	 1.36 	 117.87 	 371.09 	 216.35336224540208 	 0.019481764271278623 	 -0.0010101010101010166
1.36 	 1.16 	 371.09 	 990.99 	 614.7777849644485 	 0.016019237925767787 	 0.0010101010101010027
1.39 	 1.18 	 326.59 	 886.0 	 546.2286753683984 	 0.016477951321473346 	 0.0010101010101010027
1.41 	 1.2 	 287.71 	 793.45 	 486.0330415284906 	 0.016949916980934145 	 0.0010101010101010027
1.44 	 1.23 	 253.17 	 710.62 	 432.33057012460404 	 0.017435331858520094 	 0.0010101010101010027
1.47 	 1.25 	 223.05 	 636.57 	 384.81619480694707 	 0.017934703529048576 	 0.0010101010101010027
1.49 	 1.27 	 196.34 	 571.05 	 342.7491948162318 	 0.01844839702432392 	 0.0010101010101010027
1.52 	 1.29 	 172.96 	 512.28 	 305.38803510727365 	 0.01897682292948463 	 0.0010101010101010027
1.55 	 1.32 	 152.26 	 459.7 	 272.108046575795 	 0.019520351397084596 	 0.0010101010101010027
1.57 	 1.34 	 134.03 	 413.01 	 242.65933258363864 	 0.020079496926718253 	 0.0010101010101010027
1.6 	 1.36 	 117.87 	 371.09 	 216.35336224540208 	 0.0206545949801167 	 0.0010101010101010027
1.36 	 1.16 	 371.09 	 990.99 	 614.7777849644485 	 0.017023454711144796 	 0.003030303030303022
1.39 	 1.18 	 326.59 	 886.0 	 546.2286753683984 	 0.01750654476795885 	 0.003030303030303022
1.41 	 1.2 	 287.71 	 793.45 	 486.0330415284906 	 0.018003606092144343 	 0.003030303030303022
1.44 	 1.23 	 253.17 	 710.62 	 432.33057012460404 	 0.018514453396009635 	 0.003030303030303022
1.47 	 1.25 	 223.05 	 636.57 	 384.81619480694707 	 0.019039867706972278 	 0.003030303030303022
1.49 	 1.27 	 196.34 	 571.05 	 342.7491948162318 	 0.019580151590181633 	 0.003030303030303022
1.52 	 1.29 	 172.96 	 512.28 	 305.38803510727365 	 0.02013572783966391 	 0.003030303030303022
1.55 	 1.32 	 152.26 	 459.7 	 272.108046575795 	 0.02070686499085285 	 0.003030303030303022
1.57 	 1.34 	 134.03 	 413.01 	 242.65933258363864 	 0.02129426469111295 	 0.003030303030303022
1.6 	 1.36 	 117.87 	 371.09 	 216.35336224540208 	 0.02189803181335091 	 0.003030303030303022
1.36 	 1.16 	 371.09 	 990.99 	 614.7777849644485 	 0.018090624013782988 	 0.005050505050505041
1.39 	 1.18 	 326.59 	 886.0 	 546.2286753683984 	 0.018599345497104198 	 0.005050505050505041
1.41 	 1.2 	 287.71 	 793.45 	 486.0330415284906 	 0.019122797632914048 	 0.005050505050505041
1.44 	 1.23 	 253.17 	 710.62 	 432.33057012460404 	 0.01966036478884136 	 0.005050505050505041
1.47 	 1.25 	 223.05 	 636.57 	 384.81619480694707 	 0.02021313381131967 	 0.005050505050505041
1.49 	 1.27 	 196.34 	 571.05 	 342.7491948162318 	 0.02078133594962255 	 0.005050505050505041
1.52 	 1.29 	 172.96 	 512.28 	 305.38803510727365 	 0.021365406482402555 	 0.005050505050505041
1.55 	 1.32 	 152.26 	 459.7 	 272.108046575795 	 0.02196549893120498 	 0.005050505050505041
1.57 	 1.34 	 134.03 	 413.01 	 242.65933258363864 	 0.02258252337646042 	 0.005050505050505041
1.6 	 1.36 	 117.87 	 371.09 	 216.35336224540208 	 0.023216325362958982 	 0.005050505050505041
1.36 	 1.16 	 371.09 	 990.99 	 614.7777849644485 	 0.019224692212081163 	 0.007070707070707061
1.39 	 1.18 	 326.59 	 886.0 	 546.2286753683984 	 0.019760361482283748 	 0.007070707070707061
1.41 	 1.2 	 287.71 	 793.45 	 486.0330415284906 	 0.02031156355220102 	 0.007070707070707061
1.44 	 1.23 	 253.17 	 710.62 	 432.33057012460404 	 0.020877199848288307 	 0.007070707070707061
1.47 	 1.25 	 223.05 	 636.57 	 384.81619480694707 	 0.021458698388156235 	 0.007070707070707061
1.49 	 1.27 	 196.34 	 571.05 	 342.7491948162318 	 0.02205620941502979 	 0.007070707070707061
1.52 	 1.29 	 172.96 	 512.28 	 305.38803510727365 	 0.022670180973498304 	 0.007070707070707061
1.55 	 1.32 	 152.26 	 459.7 	 272.108046575795 	 0.023300636939000727 	 0.007070707070707061
1.57 	 1.34 	 134.03 	 413.01 	 242.65933258363864 	 0.023948719030491544 	 0.007070707070707061
1.6 	 1.36 	 117.87 	 371.09 	 216.35336224540208 	 0.024613982112773866 	 0.007070707070707061
1.36 	 1.16 	 371.09 	 990.99 	 614.7777849644485 	 0.02042985307569654 	 0.00909090909090908
1.39 	 1.18 	 326.59 	 886.0 	 546.2286753683984 	 0.020993850884232307 	 0.00909090909090908
1.41 	 1.2 	 287.71 	 793.45 	 486.0330415284906 	 0.02157422893107468 	 0.00909090909090908
1.44 	 1.23 	 253.17 	 710.62 	 432.33057012460404 	 0.022169348238784938 	 0.00909090909090908
1.47 	 1.25 	 223.05 	 636.57 	 384.81619480694707 	 0.022781016581208496 	 0.00909090909090908
1.49 	 1.27 	 196.34 	 571.05 	 342.7491948162318 	 0.02340929259499722 	 0.00909090909090908
1.52 	 1.29 	 172.96 	 512.28 	 305.38803510727365 	 0.024054637378159178 	 0.00909090909090908
1.55 	 1.32 	 152.26 	 459.7 	 272.108046575795 	 0.024716929192618253 	 0.00909090909090908
1.57 	 1.34 	 134.03 	 413.01 	 242.65933258363864 	 0.025397566677569632 	 0.00909090909090908
1.6 	 1.36 	 117.87 	 371.09 	 216.35336224540208 	 0.02609577984354774 	 0.00909090909090908
1.36 	 1.16 	 371.09 	 990.99 	 614.7777849644485 	 0.021710563274051214 	 0.0111111111111111
1.39 	 1.18 	 326.59 	 886.0 	 546.2286753683984 	 0.022304337668343315 	 0.0111111111111111
1.41 	 1.2 	 287.71 	 793.45 	 486.0330415284906 	 0.022915387718636885 	 0.0111111111111111
1.44 	 1.23 	 253.17 	 710.62 	 432.33057012460404 	 0.023541471313396095 	 0.0111111111111111
1.47 	 1.25 	 223.05 	 636.57 	 384.81619480694707 	 0.024184818067051795 	 0.0111111111111111
1.49 	 1.27 	 196.34 	 571.05 	 342.7491948162318 	 0.024845383424078788 	 0.0111111111111111
1.52 	 1.29 	 172.96 	 512.28 	 305.38803510727365 	 0.025523641830259396 	 0.0111111111111111
1.55 	 1.32 	 152.26 	 459.7 	 272.108046575795 	 0.026219308524151646 	 0.0111111111111111
1.57 	 1.34 	 134.03 	 413.01 	 242.65933258363864 	 0.026934066591216572 	 0.0111111111111111
1.6 	 1.36 	 117.87 	 371.09 	 216.35336224540208 	 0.02766678396542352 	 0.0111111111111111
1.36 	 1.16 	 371.09 	 990.99 	 614.7777849644485 	 0.023071558857038477 	 0.013131313131313133
1.39 	 1.18 	 326.59 	 886.0 	 546.2286753683984 	 0.023696628196836437 	 0.013131313131313133
1.41 	 1.2 	 287.71 	 793.45 	 486.0330415284906 	 0.02433991944616381 	 0.013131313131313133
1.44 	 1.23 	 253.17 	 710.62 	 432.33057012460404 	 0.02499851892938763 	 0.013131313131313133
1.47 	 1.25 	 223.05 	 636.57 	 384.81619480694707 	 0.025675123972249324 	 0.013131313131313133
1.49 	 1.27 	 196.34 	 571.05 	 342.7491948162318 	 0.026369574175915518 	 0.013131313131313133
1.52 	 1.29 	 172.96 	 512.28 	 305.38803510727365 	 0.027082357635990345 	 0.013131313131313133
1.55 	 1.32 	 152.26 	 459.7 	 272.108046575795 	 0.02781300760006871 	 0.013131313131313133
1.57 	 1.34 	 134.03 	 413.01 	 242.65933258363864 	 0.028563521551093297 	 0.013131313131313133
1.6 	 1.36 	 117.87 	 371.09 	 216.35336224540208 	 0.02933236483364478 	 0.013131313131313133
1.36 	 1.16 	 371.09 	 990.99 	 614.7777849644485 	 0.024517872768874644 	 0.015151515151515152
1.39 	 1.18 	 326.59 	 886.0 	 546.2286753683984 	 0.025175828856648194 	 0.015151515151515152
1.41 	 1.2 	 287.71 	 793.45 	 486.0330415284906 	 0.025853006980280042 	 0.015151515151515152
1.44 	 1.23 	 253.17 	 710.62 	 432.33057012460404 	 0.026545747304559594 	 0.015151515151515152
1.47 	 1.25 	 223.05 	 636.57 	 384.81619480694707 	 0.027257264832951083 	 0.015151515151515152
1.49 	 1.27 	 196.34 	 571.05 	 342.7491948162318 	 0.0279872695200675 	 0.015151515151515152
1.52 	 1.29 	 172.96 	 512.28 	 305.38803510727365 	 0.02873626342202242 	 0.015151515151515152
1.55 	 1.32 	 152.26 	 459.7 	 272.108046575795 	 0.02950357714616764 	 0.015151515151515152
1.57 	 1.34 	 134.03 	 413.01 	 242.65933258363864 	 0.030291555143991334 	 0.015151515151515152
1.6 	 1.36 	 117.87 	 371.09 	 216.35336224540208 	 0.031098216106697035 	 0.015151515151515152
1.36 	 1.16 	 371.09 	 990.99 	 614.7777849644485 	 0.026054853459862273 	 0.01717171717171717
1.39 	 1.18 	 326.59 	 886.0 	 546.2286753683984 	 0.026747364787698256 	 0.01717171717171717
1.41 	 1.2 	 287.71 	 793.45 	 486.0330415284906 	 0.027460155379756216 	 0.01717171717171717
1.44 	 1.23 	 253.17 	 710.62 	 432.33057012460404 	 0.028188737978758118 	 0.01717171717171717
1.47 	 1.25 	 223.05 	 636.57 	 384.81619480694707 	 0.02893689966119155 	 0.01717171717171717
1.49 	 1.27 	 196.34 	 571.05 	 342.7491948162318 	 0.029704205686579103 	 0.01717171717171717
1.52 	 1.29 	 172.96 	 512.28 	 305.38803510727365 	 0.03049117239196618 	 0.01717171717171717
1.55 	 1.32 	 152.26 	 459.7 	 272.108046575795 	 0.03129690528030904 	 0.01717171717171717
1.57 	 1.34 	 134.03 	 413.01 	 242.65933258363864 	 0.0321241311719964 	 0.01717171717171717
1.6 	 1.36 	 117.87 	 371.09 	 216.35336224540208 	 0.03297037420963581 	 0.01717171717171717
1.36 	 1.16 	 371.09 	 990.99 	 614.7777849644485 	 0.027688184664890744 	 0.01919191919191919
1.39 	 1.18 	 326.59 	 886.0 	 546.2286753683984 	 0.028416999780218895 	 0.01919191919191919
1.41 	 1.2 	 287.71 	 793.45 	 486.0330415284906 	 0.029167211924536716 	 0.01919191919191919
1.44 	 1.23 	 253.17 	 710.62 	 432.33057012460404 	 0.02993341794896828 	 0.01919191919191919
1.47 	 1.25 	 223.05 	 636.57 	 384.81619480694707 	 0.030720036186081642 	 0.01919191919191919
1.49 	 1.27 	 196.34 	 571.05 	 342.7491948162318 	 0.03152647080623355 	 0.01919191919191919
1.52 	 1.29 	 172.96 	 512.28 	 305.38803510727365 	 0.03235325275881567 	 0.01919191919191919
1.55 	 1.32 	 152.26 	 459.7 	 272.108046575795 	 0.03319923802025706 	 0.01919191919191919
1.57 	 1.34 	 134.03 	 413.01 	 242.65933258363864 	 0.03406757423480556 	 0.01919191919191919
1.6 	 1.36 	 117.87 	 371.09 	 216.35336224540208 	 0.034955238969135674 	 0.01919191919191919
1.36 	 1.16 	 371.09 	 990.99 	 614.7777849644485 	 0.029423906421815027 	 0.02121212121212121
1.39 	 1.18 	 326.59 	 886.0 	 546.2286753683984 	 0.03019085741412406 	 0.02121212121212121
1.41 	 1.2 	 287.71 	 793.45 	 486.0330415284906 	 0.030980387389868785 	 0.02121212121212121
1.44 	 1.23 	 253.17 	 710.62 	 432.33057012460404 	 0.03178608105062429 	 0.02121212121212121
1.47 	 1.25 	 223.05 	 636.57 	 384.81619480694707 	 0.03261305234229452 	 0.02121212121212121
1.49 	 1.27 	 196.34 	 571.05 	 342.7491948162318 	 0.03346052649862196 	 0.02121212121212121
1.52 	 1.29 	 172.96 	 512.28 	 305.38803510727365 	 0.034329049425190584 	 0.02121212121212121
1.55 	 1.32 	 152.26 	 459.7 	 272.108046575795 	 0.03521720103805732 	 0.02121212121212121
1.57 	 1.34 	 134.03 	 413.01 	 242.65933258363864 	 0.03612859155723152 	 0.02121212121212121
1.6 	 1.36 	 117.87 	 371.09 	 216.35336224540208 	 0.03705959549079917 	 0.02121212121212121
1.36 	 1.16 	 371.09 	 990.99 	 614.7777849644485 	 0.031268437407438225 	 0.02323232323232323
1.39 	 1.18 	 326.59 	 886.0 	 546.2286753683984 	 0.03207544351794863 	 0.02323232323232323
1.41 	 1.2 	 287.71 	 793.45 	 486.0330415284906 	 0.03290627864293493 	 0.02323232323232323
1.44 	 1.23 	 253.17 	 710.62 	 432.33057012460404 	 0.03375341066226885 	 0.02323232323232323
1.47 	 1.25 	 223.05 	 636.57 	 384.81619480694707 	 0.03462271908270518 	 0.02323232323232323
1.49 	 1.27 	 196.34 	 571.05 	 342.7491948162318 	 0.03551323078457635 	 0.02323232323232323
1.52 	 1.29 	 172.96 	 512.28 	 305.38803510727365 	 0.036425506987579875 	 0.02323232323232323
1.55 	 1.32 	 152.26 	 459.7 	 272.108046575795 	 0.03735782273672026 	 0.02323232323232323
1.57 	 1.34 	 134.03 	 413.01 	 242.65933258363864 	 0.03831429613722574 	 0.02323232323232323
1.6 	 1.36 	 117.87 	 371.09 	 216.35336224540208 	 0.03929063735351208 	 0.02323232323232323
1.36 	 1.16 	 371.09 	 990.99 	 614.7777849644485 	 0.03322859867369614 	 0.02525252525252525
1.39 	 1.18 	 326.59 	 886.0 	 546.2286753683984 	 0.034077670029728856 	 0.02525252525252525
1.41 	 1.2 	 287.71 	 793.45 	 486.0330415284906 	 0.034951892644201794 	 0.02525252525252525
1.44 	 1.23 	 253.17 	 710.62 	 432.33057012460404 	 0.03584250381546766 	 0.02525252525252525
1.47 	 1.25 	 223.05 	 636.57 	 384.81619480694707 	 0.036756224596779935 	 0.02525252525252525
1.49 	 1.27 	 196.34 	 571.05 	 342.7491948162318 	 0.03769186240421301 	 0.02525252525252525
1.52 	 1.29 	 172.96 	 512.28 	 305.38803510727365 	 0.038649994145442734 	 0.02525252525252525
1.55 	 1.32 	 152.26 	 459.7 	 272.108046575795 	 0.03962855872958374 	 0.02525252525252525
1.57 	 1.34 	 134.03 	 413.01 	 242.65933258363864 	 0.04063223129430844 	 0.02525252525252525
1.6 	 1.36 	 117.87 	 371.09 	 216.35336224540208 	 0.04165599120013243 	 0.02525252525252525
1.36 	 1.16 	 371.09 	 990.99 	 614.7777849644485 	 0.035311638871819824 	 0.027272727272727254
1.39 	 1.18 	 326.59 	 886.0 	 546.2286753683984 	 0.03620488034733648 	 0.027272727272727254
1.41 	 1.2 	 287.71 	 793.45 	 486.0330415284906 	 0.037124671940808915 	 0.027272727272727254
1.44 	 1.23 	 253.17 	 710.62 	 432.33057012460404 	 0.03806089679695374 	 0.027272727272727254
1.47 	 1.25 	 223.05 	 636.57 	 384.81619480694707 	 0.039021200021340754 	 0.027272727272727254
1.49 	 1.27 	 196.34 	 571.05 	 342.7491948162318 	 0.04000414662681539 	 0.027272727272727254
1.52 	 1.29 	 172.96 	 512.28 	 305.38803510727365 	 0.04101032960096097 	 0.027272727272727254
1.55 	 1.32 	 152.26 	 459.7 	 272.108046575795 	 0.04203731780761533 	 0.027272727272727254
1.57 	 1.34 	 134.03 	 413.01 	 242.65933258363864 	 0.043090396703127885 	 0.027272727272727254
1.6 	 1.36 	 117.87 	 371.09 	 216.35336224540208 	 0.04416374280857532 	 0.027272727272727254
1.36 	 1.16 	 371.09 	 990.99 	 614.7777849644485 	 0.03752526105775493 	 0.029292929292929287
1.39 	 1.18 	 326.59 	 886.0 	 546.2286753683984 	 0.03846487626124192 	 0.029292929292929287
1.41 	 1.2 	 287.71 	 793.45 	 486.0330415284906 	 0.039432521744750905 	 0.029292929292929287
1.44 	 1.23 	 253.17 	 710.62 	 432.33057012460404 	 0.040416592335360664 	 0.029292929292929287
1.47 	 1.25 	 223.05 	 636.57 	 384.81619480694707 	 0.04142574673566659 	 0.029292929292929287
1.49 	 1.27 	 196.34 	 571.05 	 342.7491948162318 	 0.04245828264407724 	 0.029292929292929287
1.52 	 1.29 	 172.96 	 512.28 	 305.38803510727365 	 0.04351480954047609 	 0.029292929292929287
1.55 	 1.32 	 152.26 	 459.7 	 272.108046575795 	 0.04459248948509556 	 0.029292929292929287
1.57 	 1.34 	 134.03 	 413.01 	 242.65933258363864 	 0.04569727600199562 	 0.029292929292929287
1.6 	 1.36 	 117.87 	 371.09 	 216.35336224540208 	 0.04682246473241499 	 0.029292929292929287
1.36 	 1.16 	 371.09 	 990.99 	 614.7777849644485 	 0.03987765117796386 	 0.03131313131313132
1.39 	 1.18 	 326.59 	 886.0 	 546.2286753683984 	 0.04086594656848517 	 0.03131313131313132
1.41 	 1.2 	 287.71 	 793.45 	 486.0330415284906 	 0.041883838694370214 	 0.03131313131313132
1.44 	 1.23 	 253.17 	 710.62 	 432.33057012460404 	 0.04291808847061829 	 0.03131313131313132
1.47 	 1.25 	 223.05 	 636.57 	 384.81619480694707 	 0.04397846533856103 	 0.03131313131313132
1.49 	 1.27 	 196.34 	 571.05 	 342.7491948162318 	 0.045062972643840134 	 0.03131313131313132
1.52 	 1.29 	 172.96 	 512.28 	 305.38803510727365 	 0.04617223679420362 	 0.03131313131313132
1.55 	 1.32 	 152.26 	 459.7 	 272.108046575795 	 0.04730297321962179 	 0.03131313131313132
1.57 	 1.34 	 134.03 	 413.01 	 242.65933258363864 	 0.048461866071680466 	 0.03131313131313132
1.6 	 1.36 	 117.87 	 371.09 	 216.35336224540208 	 0.04964124560549148 	 0.03131313131313132
1.36 	 1.16 	 371.09 	 990.99 	 614.7777849644485 	 0.04237750834095064 	 0.033333333333333326
1.39 	 1.18 	 326.59 	 886.0 	 546.2286753683984 	 0.04341689747280015 	 0.033333333333333326
1.41 	 1.2 	 287.71 	 793.45 	 486.0330415284906 	 0.044487541403804384 	 0.033333333333333326
1.44 	 1.23 	 253.17 	 710.62 	 432.33057012460404 	 0.04557440921015692 	 0.033333333333333326
1.47 	 1.25 	 223.05 	 636.57 	 384.81619480694707 	 0.04668848641103173 	 0.033333333333333326
1.49 	 1.27 	 196.34 	 571.05 	 342.7491948162318 	 0.04782745266741854 	 0.033333333333333326
1.52 	 1.29 	 172.96 	 512.28 	 305.38803510727365 	 0.048991951776716565 	 0.033333333333333326
1.55 	 1.32 	 152.26 	 459.7 	 272.108046575795 	 0.050178209408203875 	 0.033333333333333326
1.57 	 1.34 	 134.03 	 413.01 	 242.65933258363864 	 0.05139370808550885 	 0.033333333333333326
1.6 	 1.36 	 117.87 	 371.09 	 216.35336224540208 	 0.05262972121069765 	 0.033333333333333326
1.36 	 1.16 	 371.09 	 990.99 	 614.7777849644485 	 0.04503407698645301 	 0.03535353535353536
1.39 	 1.18 	 326.59 	 886.0 	 546.2286753683984 	 0.04612708488238783 	 0.03535353535353536
1.41 	 1.2 	 287.71 	 793.45 	 486.0330415284906 	 0.04725310291153507 	 0.03535353535353536
1.44 	 1.23 	 253.17 	 710.62 	 432.33057012460404 	 0.048395137082509344 	 0.03535353535353536
1.47 	 1.25 	 223.05 	 636.57 	 384.81619480694707 	 0.04956550317461399 	 0.03535353535353536
1.49 	 1.27 	 196.34 	 571.05 	 342.7491948162318 	 0.050761525359930906 	 0.03535353535353536
1.52 	 1.29 	 172.96 	 512.28 	 305.38803510727365 	 0.0519838653169482 	 0.03535353535353536
1.55 	 1.32 	 152.26 	 459.7 	 272.108046575795 	 0.05322821226740835 	 0.03535353535353536
1.57 	 1.34 	 134.03 	 413.01 	 242.65933258363864 	 0.05450292043793167 	 0.03535353535353536
1.6 	 1.36 	 117.87 	 371.09 	 216.35336224540208 	 0.05579810741915283 	 0.03535353535353536
1.36 	 1.16 	 371.09 	 990.99 	 614.7777849644485 	 0.04785718107126165 	 0.037373737373737365
1.39 	 1.18 	 326.59 	 886.0 	 546.2286753683984 	 0.04900644872379418 	 0.037373737373737365
1.41 	 1.2 	 287.71 	 793.45 	 486.0330415284906 	 0.05019058514609619 	 0.037373737373737365
1.44 	 1.23 	 253.17 	 710.62 	 432.33057012460404 	 0.0513904477057467 	 0.037373737373737365
1.47 	 1.25 	 223.05 	 636.57 	 384.81619480694707 	 0.05261980616215006 	 0.037373737373737365
1.49 	 1.27 	 196.34 	 571.05 	 342.7491948162318 	 0.05387559472976597 	 0.037373737373737365
1.52 	 1.29 	 172.96 	 512.28 	 305.38803510727365 	 0.05515849349310655 	 0.037373737373737365
1.55 	 1.32 	 152.26 	 459.7 	 272.108046575795 	 0.05646360471206968 	 0.037373737373737365
1.57 	 1.34 	 134.03 	 413.01 	 242.65933258363864 	 0.05780023366520031 	 0.037373737373737365
1.6 	 1.36 	 117.87 	 371.09 	 216.35336224540208 	 0.05915723511236221 	 0.037373737373737365
1.36 	 1.16 	 371.09 	 990.99 	 614.7777849644485 	 0.050857260398086725 	 0.0393939393939394
1.39 	 1.18 	 326.59 	 886.0 	 546.2286753683984 	 0.05206554939774349 	 0.0393939393939394
1.41 	 1.2 	 287.71 	 793.45 	 486.0330415284906 	 0.05331067553433808 	 0.0393939393939394
1.44 	 1.23 	 253.17 	 710.62 	 432.33057012460404 	 0.05457114649545181 	 0.0393939393939394
1.47 	 1.25 	 223.05 	 636.57 	 384.81619480694707 	 0.05586232002503646 	 0.0393939393939394
1.49 	 1.27 	 196.34 	 571.05 	 342.7491948162318 	 0.057180703040440296 	 0.0393939393939394
1.52 	 1.29 	 172.96 	 512.28 	 305.38803510727365 	 0.058526994594939284 	 0.0393939393939394
1.55 	 1.32 	 152.26 	 459.7 	 272.108046575795 	 0.05989565535404908 	 0.0393939393939394
1.57 	 1.34 	 134.03 	 413.01 	 242.65933258363864 	 0.06129702747867178 	 0.0393939393939394
1.6 	 1.36 	 117.87 	 371.09 	 216.35336224540208 	 0.06271858720674213 	 0.0393939393939394
1.36 	 1.16 	 371.09 	 990.99 	 614.7777849644485 	 0.05404540922181422 	 0.0414141414141414
1.39 	 1.18 	 326.59 	 886.0 	 546.2286753683984 	 0.05531560651063205 	 0.0414141414141414
1.41 	 1.2 	 287.71 	 793.45 	 486.0330415284906 	 0.05662472588543878 	 0.0414141414141414
1.44 	 1.23 	 253.17 	 710.62 	 432.33057012460404 	 0.05794870764465129 	 0.0414141414141414
1.47 	 1.25 	 223.05 	 636.57 	 384.81619480694707 	 0.0593046426085899 	 0.0414141414141414
1.49 	 1.27 	 196.34 	 571.05 	 342.7491948162318 	 0.060688569965661326 	 0.0414141414141414
1.52 	 1.29 	 172.96 	 512.28 	 305.38803510727365 	 0.06210120834326522 	 0.0414141414141414
1.55 	 1.32 	 152.26 	 459.7 	 272.108046575795 	 0.06353631774990384 	 0.0414141414141414
1.57 	 1.34 	 134.03 	 413.01 	 242.65933258363864 	 0.06500537003855066 	 0.0414141414141414
1.6 	 1.36 	 117.87 	 371.09 	 216.35336224540208 	 0.06649433790707529 	 0.0414141414141414
1.36 	 1.16 	 371.09 	 990.99 	 614.7777849644485 	 0.057433417275918636 	 0.043434343434343436
1.39 	 1.18 	 326.59 	 886.0 	 546.2286753683984 	 0.05876854002373579 	 0.043434343434343436
1.41 	 1.2 	 287.71 	 793.45 	 486.0330415284906 	 0.06014479369213439 	 0.043434343434343436
1.44 	 1.23 	 253.17 	 710.62 	 432.33057012460404 	 0.06153531551632598 	 0.043434343434343436
1.47 	 1.25 	 223.05 	 636.57 	 384.81619480694707 	 0.06295908643529857 	 0.043434343434343436
1.49 	 1.27 	 196.34 	 571.05 	 342.7491948162318 	 0.06441163414643827 	 0.043434343434343436
1.52 	 1.29 	 172.96 	 512.28 	 305.38803510727365 	 0.06589369750462304 	 0.043434343434343436
1.55 	 1.32 	 152.26 	 459.7 	 272.108046575795 	 0.06739827203416426 	 0.043434343434343436
1.57 	 1.34 	 134.03 	 413.01 	 242.65933258363864 	 0.06893805960361177 	 0.043434343434343436
1.6 	 1.36 	 117.87 	 371.09 	 216.35336224540208 	 0.07049739432308219 	 0.043434343434343436
1.36 	 1.16 	 371.09 	 990.99 	 614.7777849644485 	 0.06103381337074565 	 0.04545454545454544
1.39 	 1.18 	 326.59 	 886.0 	 546.2286753683984 	 0.06243701397104992 	 0.04545454545454544
1.41 	 1.2 	 287.71 	 793.45 	 486.0330415284906 	 0.06388368599943428 	 0.04545454545454544
1.44 	 1.23 	 253.17 	 710.62 	 432.33057012460404 	 0.06534390859781822 	 0.04545454545454544
1.47 	 1.25 	 223.05 	 636.57 	 384.81619480694707 	 0.06683872274433462 	 0.04545454545454544
1.49 	 1.27 	 196.34 	 571.05 	 342.7491948162318 	 0.06836309729759842 	 0.04545454545454544
1.52 	 1.29 	 172.96 	 512.28 	 305.38803510727365 	 0.0699177920473047 	 0.04545454545454544
1.55 	 1.32 	 152.26 	 459.7 	 272.108046575795 	 0.07149496908322303 	 0.04545454545454544
1.57 	 1.34 	 134.03 	 413.01 	 242.65933258363864 	 0.07310866870064331 	 0.04545454545454544
1.6 	 1.36 	 117.87 	 371.09 	 216.35336224540208 	 0.07474144059136974 	 0.04545454545454544
1.36 	 1.16 	 371.09 	 990.99 	 614.7777849644485 	 0.06485991172489275 	 0.047474747474747475
1.39 	 1.18 	 326.59 	 886.0 	 546.2286753683984 	 0.06633448290610225 	 0.047474747474747475
1.41 	 1.2 	 287.71 	 793.45 	 486.0330415284906 	 0.06785500600042857 	 0.047474747474747475
1.44 	 1.23 	 253.17 	 710.62 	 432.33057012460404 	 0.06938822617570221 	 0.047474747474747475
1.47 	 1.25 	 223.05 	 636.57 	 384.81619480694707 	 0.07095742824485043 	 0.047474747474747475
1.49 	 1.27 	 196.34 	 571.05 	 342.7491948162318 	 0.07255697102010779 	 0.047474747474747475
1.52 	 1.29 	 172.96 	 512.28 	 305.38803510727365 	 0.07418763599397614 	 0.047474747474747475
1.55 	 1.32 	 152.26 	 459.7 	 272.108046575795 	 0.07584067736365667 	 0.047474747474747475
1.57 	 1.34 	 134.03 	 413.01 	 242.65933258363864 	 0.07753159096605035 	 0.047474747474747475
1.6 	 1.36 	 117.87 	 371.09 	 216.35336224540208 	 0.07924098465358748 	 0.047474747474747475
1.36 	 1.16 	 371.09 	 990.99 	 614.7777849644485 	 0.0689258612010184 	 0.04949494949494948
1.39 	 1.18 	 326.59 	 886.0 	 546.2286753683984 	 0.0704752412480877 	 0.04949494949494948
1.41 	 1.2 	 287.71 	 793.45 	 486.0330415284906 	 0.07207320252871703 	 0.04949494949494948
1.44 	 1.23 	 253.17 	 710.62 	 432.33057012460404 	 0.07368285789949156 	 0.04949494949494948
1.47 	 1.25 	 223.05 	 636.57 	 384.81619480694707 	 0.07532993475028472 	 0.04949494949494948
1.49 	 1.27 	 196.34 	 571.05 	 342.7491948162318 	 0.07700812648518922 	 0.04949494949494948
1.52 	 1.29 	 172.96 	 512.28 	 305.38803510727365 	 0.07871823713556282 	 0.04949494949494948
1.55 	 1.32 	 152.26 	 459.7 	 272.108046575795 	 0.08045053262814794 	 0.04949494949494948
1.57 	 1.34 	 134.03 	 413.01 	 242.65933258363864 	 0.08222209082127686 	 0.04949494949494948
1.6 	 1.36 	 117.87 	 371.09 	 216.35336224540208 	 0.08401140785069532 	 0.04949494949494948
1.36 	 1.16 	 371.09 	 990.99 	 614.7777849644485 	 0.07324669762815522 	 0.051515151515151514
1.39 	 1.18 	 326.59 	 886.0 	 546.2286753683984 	 0.07487447570830863 	 0.051515151515151514
1.41 	 1.2 	 287.71 	 793.45 	 486.0330415284906 	 0.07655362262752818 	 0.051515151515151514
1.44 	 1.23 	 253.17 	 710.62 	 432.33057012460404 	 0.0782432964129843 	 0.051515151515151514
1.47 	 1.25 	 223.05 	 636.57 	 384.81619480694707 	 0.0799718818712117 	 0.051515151515151514
1.49 	 1.27 	 196.34 	 571.05 	 342.7491948162318 	 0.08173234716641434 	 0.051515151515151514
1.52 	 1.29 	 172.96 	 512.28 	 305.38803510727365 	 0.08352551978113784 	 0.051515151515151514
1.55 	 1.32 	 152.26 	 459.7 	 272.108046575795 	 0.08534059063209612 	 0.051515151515151514
1.57 	 1.34 	 134.03 	 413.01 	 242.65933258363864 	 0.08719635615348836 	 0.051515151515151514
1.6 	 1.36 	 117.87 	 371.09 	 216.35336224540208 	 0.08906901750288061 	 0.051515151515151514
1.36 	 1.16 	 371.09 	 990.99 	 614.7777849644485 	 0.07783839940401242 	 0.05353535353535352
1.39 	 1.18 	 326.59 	 886.0 	 546.2286753683984 	 0.07954832098919862 	 0.05353535353535352
1.41 	 1.2 	 287.71 	 793.45 	 486.0330415284906 	 0.08131256738678892 	 0.05353535353535352
1.44 	 1.23 	 253.17 	 710.62 	 432.33057012460404 	 0.08308599324310909 	 0.05353535353535352
1.47 	 1.25 	 223.05 	 636.57 	 384.81619480694707 	 0.08489987295520464 	 0.05353535353535352
1.49 	 1.27 	 196.34 	 571.05 	 342.7491948162318 	 0.08674638480675216 	 0.05353535353535352
1.52 	 1.29 	 172.96 	 512.28 	 305.38803510727365 	 0.08862638072921783 	 0.05353535353535352
1.55 	 1.32 	 152.26 	 459.7 	 272.108046575795 	 0.09052788305452225 	 0.05353535353535352
1.57 	 1.34 	 134.03 	 413.01 	 242.65933258363864 	 0.09247155418332507 	 0.05353535353535352
1.6 	 1.36 	 117.87 	 371.09 	 216.35336224540208 	 0.09443110265486157 	 0.05353535353535352
1.36 	 1.16 	 371.09 	 990.99 	 614.7777849644485 	 0.08271794658288635 	 0.05555555555555555
1.39 	 1.18 	 326.59 	 886.0 	 546.2286753683984 	 0.08451391896021505 	 0.05555555555555555
1.41 	 1.2 	 287.71 	 793.45 	 486.0330415284906 	 0.08636735125129875 	 0.05555555555555555
1.44 	 1.23 	 253.17 	 710.62 	 432.33057012460404 	 0.08822841814788857 	 0.05555555555555555
1.47 	 1.25 	 223.05 	 636.57 	 384.81619480694707 	 0.09013153447380147 	 0.05555555555555555
1.49 	 1.27 	 196.34 	 571.05 	 342.7491948162318 	 0.09206801881903241 	 0.05555555555555555
1.52 	 1.29 	 172.96 	 512.28 	 305.38803510727365 	 0.09403874865719841 	 0.05555555555555555
1.55 	 1.32 	 152.26 	 459.7 	 272.108046575795 	 0.09603047681803907 	 0.05555555555555555
1.57 	 1.34 	 134.03 	 413.01 	 242.65933258363864 	 0.09806589071253922 	 0.05555555555555555
1.6 	 1.36 	 117.87 	 371.09 	 216.35336224540208 	 0.10011599317714048 	 0.05555555555555555
1.36 	 1.16 	 371.09 	 990.99 	 614.7777849644485 	 0.08790338366768265 	 0.05757575757575756
1.39 	 1.18 	 326.59 	 886.0 	 546.2286753683984 	 0.08978948152763207 	 0.05757575757575756
1.41 	 1.2 	 287.71 	 793.45 	 486.0330415284906 	 0.09173636501578651 	 0.05757575757575756
1.44 	 1.23 	 253.17 	 710.62 	 432.33057012460404 	 0.09368912213761467 	 0.05757575757575756
1.47 	 1.25 	 223.05 	 636.57 	 384.81619480694707 	 0.09568557906898546 	 0.05757575757575756
1.49 	 1.27 	 196.34 	 571.05 	 342.7491948162318 	 0.09771611933044969 	 0.05757575757575756
1.52 	 1.29 	 172.96 	 512.28 	 305.38803510727365 	 0.09978164713767135 	 0.05757575757575756
1.55 	 1.32 	 152.26 	 459.7 	 272.108046575795 	 0.10186753701448954 	 0.05757575757575756
1.57 	 1.34 	 134.03 	 413.01 	 242.65933258363864 	 0.10399867295598937 	 0.05757575757575756
1.6 	 1.36 	 117.87 	 371.09 	 216.35336224540208 	 0.10614312242523849 	 0.05757575757575756
1.36 	 1.16 	 371.09 	 990.99 	 614.7777849644485 	 0.09341388633825788 	 0.05959595959595959
1.39 	 1.18 	 326.59 	 886.0 	 546.2286753683984 	 0.09539435742881881 	 0.05959595959595959
1.41 	 1.2 	 287.71 	 793.45 	 486.0330415284906 	 0.09743914273604719 	 0.05959595959595959
1.44 	 1.23 	 253.17 	 710.62 	 432.33057012460404 	 0.09948780439658084 	 0.05959595959595959
1.47 	 1.25 	 223.05 	 636.57 	 384.81619480694707 	 0.10158187248468935 	 0.05959595959595959
1.49 	 1.27 	 196.34 	 571.05 	 342.7491948162318 	 0.10371071409466269 	 0.05959595959595959
1.52 	 1.29 	 172.96 	 512.28 	 305.38803510727365 	 0.10587526150311696 	 0.05959595959595959
1.55 	 1.32 	 152.26 	 459.7 	 272.108046575795 	 0.10805939365542248 	 0.05959595959595959
1.57 	 1.34 	 134.03 	 413.01 	 242.65933258363864 	 0.11029037617484147 	 0.05959595959595959
1.6 	 1.36 	 117.87 	 371.09 	 216.35336224540208 	 0.11253309367110818 	 0.05959595959595959
1.36 	 1.16 	 371.09 	 990.99 	 614.7777849644485 	 0.09926983236283643 	 0.0616161616161616
1.39 	 1.18 	 326.59 	 886.0 	 546.2286753683984 	 0.10134910319597676 	 0.0616161616161616
1.41 	 1.2 	 287.71 	 793.45 	 486.0330415284906 	 0.10349643279959839 	 0.0616161616161616
1.44 	 1.23 	 253.17 	 710.62 	 432.33057012460404 	 0.10564538334678777 	 0.0616161616161616
1.47 	 1.25 	 223.05 	 636.57 	 384.81619480694707 	 0.10784150462272041 	 0.0616161616161616
1.49 	 1.27 	 196.34 	 571.05 	 342.7491948162318 	 0.11007305950875151 	 0.0616161616161616
1.52 	 1.29 	 172.96 	 512.28 	 305.38803510727365 	 0.11234100979398794 	 0.0616161616161616
1.55 	 1.32 	 152.26 	 459.7 	 272.108046575795 	 0.11462761247988801 	 0.0616161616161616
1.57 	 1.34 	 134.03 	 413.01 	 242.65933258363864 	 0.11696271434093813 	 0.0616161616161616
1.6 	 1.36 	 117.87 	 371.09 	 216.35336224540208 	 0.11930775053381364 	 0.0616161616161616
1.36 	 1.16 	 371.09 	 990.99 	 614.7777849644485 	 0.10549287695473733 	 0.06363636363636363
1.39 	 1.18 	 326.59 	 886.0 	 546.2286753683984 	 0.10767555854960531 	 0.06363636363636363
1.41 	 1.2 	 287.71 	 793.45 	 486.0330415284906 	 0.10993027341443465 	 0.06363636363636363
1.44 	 1.23 	 253.17 	 710.62 	 432.33057012460404 	 0.11218407210998146 	 0.06363636363636363
1.47 	 1.25 	 223.05 	 636.57 	 384.81619480694707 	 0.11448686497726358 	 0.06363636363636363
1.49 	 1.27 	 196.34 	 571.05 	 342.7491948162318 	 0.11682571598685677 	 0.06363636363636363
1.52 	 1.29 	 172.96 	 512.28 	 305.38803510727365 	 0.11920161803955841 	 0.06363636363636363
1.55 	 1.32 	 152.26 	 459.7 	 272.108046575795 	 0.12159507006617408 	 0.06363636363636363
1.57 	 1.34 	 134.03 	 413.01 	 242.65933258363864 	 0.12403871507621655 	 0.06363636363636363
1.6 	 1.36 	 117.87 	 371.09 	 216.35336224540208 	 0.1264902516502419 	 0.06363636363636363
1.36 	 1.16 	 371.09 	 990.99 	 614.7777849644485 	 0.11210603285307463 	 0.06565656565656566
1.39 	 1.18 	 326.59 	 886.0 	 546.2286753683984 	 0.11439692649820828 	 0.06565656565656566
1.41 	 1.2 	 287.71 	 793.45 	 486.0330415284906 	 0.1167640727905286 	 0.06565656565656566
1.44 	 1.23 	 253.17 	 710.62 	 432.33057012460404 	 0.11912745864024715 	 0.06565656565656566
1.47 	 1.25 	 223.05 	 636.57 	 384.81619480694707 	 0.12154172271777357 	 0.06565656565656566
1.49 	 1.27 	 196.34 	 571.05 	 342.7491948162318 	 0.12399262795776643 	 0.06565656565656566
1.52 	 1.29 	 172.96 	 512.28 	 305.38803510727365 	 0.1264812001361339 	 0.06565656565656566
1.55 	 1.32 	 152.26 	 459.7 	 272.108046575795 	 0.12898603350908971 	 0.06565656565656566
1.57 	 1.34 	 134.03 	 413.01 	 242.65933258363864 	 0.1315427991258041 	 0.06565656565656566
1.6 	 1.36 	 117.87 	 371.09 	 216.35336224540208 	 0.134105149841099 	 0.06565656565656566
1.36 	 1.16 	 371.09 	 990.99 	 614.7777849644485 	 0.11913375542357187 	 0.06767676767676767
1.39 	 1.18 	 326.59 	 886.0 	 546.2286753683984 	 0.1215378584380181 	 0.06767676767676767
1.41 	 1.2 	 287.71 	 793.45 	 486.0330415284906 	 0.12402269430580368 	 0.06767676767676767
1.44 	 1.23 	 253.17 	 710.62 	 432.33057012460404 	 0.1265005908162352 	 0.06767676767676767
1.47 	 1.25 	 223.05 	 636.57 	 384.81619480694707 	 0.1290313117066998 	 0.06767676767676767
1.49 	 1.27 	 196.34 	 571.05 	 342.7491948162318 	 0.1315992087701198 	 0.06767676767676767
1.52 	 1.29 	 172.96 	 512.28 	 305.38803510727365 	 0.13420534260338485 	 0.06767676767676767
1.55 	 1.32 	 152.26 	 459.7 	 272.108046575795 	 0.13682624494030596 	 0.06767676767676767
1.57 	 1.34 	 134.03 	 413.01 	 242.65933258363864 	 0.13950086463907146 	 0.06767676767676767
1.6 	 1.36 	 117.87 	 371.09 	 216.35336224540208 	 0.1421784760428152 	 0.06767676767676767
1.36 	 1.16 	 371.09 	 990.99 	 614.7777849644485 	 0.12660203309419124 	 0.0696969696969697
1.39 	 1.18 	 326.59 	 886.0 	 546.2286753683984 	 0.12912454456484976 	 0.0696969696969697
1.41 	 1.2 	 287.71 	 793.45 	 486.0330415284906 	 0.13173254696643757 	 0.0696969696969697
1.44 	 1.23 	 253.17 	 710.62 	 432.33057012460404 	 0.13433006679998272 	 0.0696969696969697
1.47 	 1.25 	 223.05 	 636.57 	 384.81619480694707 	 0.13698242075613482 	 0.0696969696969697
1.49 	 1.27 	 196.34 	 571.05 	 342.7491948162318 	 0.13967243080629307 	 0.0696969696969697
1.52 	 1.29 	 172.96 	 512.28 	 305.38803510727365 	 0.14240119451670508 	 0.0696969696969697
1.55 	 1.32 	 152.26 	 459.7 	 272.108046575795 	 0.14514301118613207 	 0.0696969696969697
1.57 	 1.34 	 134.03 	 413.01 	 242.65933258363864 	 0.14794037654951406 	 0.0696969696969697
1.6 	 1.36 	 117.87 	 371.09 	 216.35336224540208 	 0.15073782829227506 	 0.0696969696969697
1.36 	 1.16 	 371.09 	 990.99 	 614.7777849644485 	 0.13453848346000652 	 0.07171717171717171
1.39 	 1.18 	 326.59 	 886.0 	 546.2286753683984 	 0.13718480992967996 	 0.07171717171717171
1.41 	 1.2 	 287.71 	 793.45 	 486.0330415284906 	 0.13992168149061573 	 0.07171717171717171
1.44 	 1.23 	 253.17 	 710.62 	 432.33057012460404 	 0.14264413098829531 	 0.07171717171717171
1.47 	 1.25 	 223.05 	 636.57 	 384.81619480694707 	 0.1454234894462166 	 0.07171717171717171
1.49 	 1.27 	 196.34 	 571.05 	 342.7491948162318 	 0.14824092112450596 	 0.07171717171717171
1.52 	 1.29 	 172.96 	 512.28 	 305.38803510727365 	 0.15109756293169377 	 0.07171717171717171
1.55 	 1.32 	 152.26 	 459.7 	 272.108046575795 	 0.15396529887499624 	 0.07171717171717171
1.57 	 1.34 	 134.03 	 413.01 	 242.65933258363864 	 0.15689046136192952 	 0.07171717171717171
1.6 	 1.36 	 117.87 	 371.09 	 216.35336224540208 	 0.1598124660685559 	 0.07171717171717171
1.36 	 1.16 	 371.09 	 990.99 	 614.7777849644485 	 0.1429724554127161 	 0.07373737373737374
1.39 	 1.18 	 326.59 	 886.0 	 546.2286753683984 	 0.14574821649024824 	 0.07373737373737374
1.41 	 1.2 	 287.71 	 793.45 	 486.0330415284906 	 0.14861989236531942 	 0.07373737373737374
1.44 	 1.23 	 253.17 	 710.62 	 432.33057012460404 	 0.15147277590283006 	 0.07373737373737374
1.47 	 1.25 	 223.05 	 636.57 	 384.81619480694707 	 0.15438470984801 	 0.07373737373737374
1.49 	 1.27 	 196.34 	 571.05 	 342.7491948162318 	 0.15733506296828825 	 0.07373737373737374
1.52 	 1.29 	 172.96 	 512.28 	 305.38803510727365 	 0.1603250141361626 	 0.07373737373737374
1.55 	 1.32 	 152.26 	 459.7 	 272.108046575795 	 0.16332383532588507 	 0.07373737373737374
1.57 	 1.34 	 134.03 	 413.01 	 242.65933258363864 	 0.166382007674023 	 0.07373737373737374
1.6 	 1.36 	 117.87 	 371.09 	 216.35336224540208 	 0.16943341031417924 	 0.07373737373737374
1.36 	 1.16 	 371.09 	 990.99 	 614.7777849644485 	 0.1519351376724674 	 0.07575757575757575
1.39 	 1.18 	 326.59 	 886.0 	 546.2286753683984 	 0.15484617153296373 	 0.07575757575757575
1.41 	 1.2 	 287.71 	 793.45 	 486.0330415284906 	 0.15785882624745687 	 0.07575757575757575
1.44 	 1.23 	 253.17 	 710.62 	 432.33057012460404 	 0.16084785038643917 	 0.07575757575757575
1.47 	 1.25 	 223.05 	 636.57 	 384.81619480694707 	 0.1638981345147079 	 0.07575757575757575
1.49 	 1.27 	 196.34 	 571.05 	 342.7491948162318 	 0.16698710350325158 	 0.07575757575757575
1.52 	 1.29 	 172.96 	 512.28 	 305.38803510727365 	 0.17011598108554996 	 0.07575757575757575
1.55 	 1.32 	 152.26 	 459.7 	 272.108046575795 	 0.1732512155691255 	 0.07575757575757575
1.57 	 1.34 	 134.03 	 413.01 	 242.65933258363864 	 0.1764477727793597 	 0.07575757575757575
1.6 	 1.36 	 117.87 	 371.09 	 216.35336224540208 	 0.17963354947778648 	 0.07575757575757575
1.36 	 1.16 	 371.09 	 990.99 	 614.7777849644485 	 0.16145967412334525 	 0.07777777777777778
1.39 	 1.18 	 326.59 	 886.0 	 546.2286753683984 	 0.16451204286277032 	 0.07777777777777778
1.41 	 1.2 	 287.71 	 793.45 	 486.0330415284906 	 0.1676720971037371 	 0.07777777777777778
1.44 	 1.23 	 253.17 	 710.62 	 432.33057012460404 	 0.1708031744960908 	 0.07777777777777778
1.47 	 1.25 	 223.05 	 636.57 	 384.81619480694707 	 0.17399779112741953 	 0.07777777777777778
1.49 	 1.27 	 196.34 	 571.05 	 342.7491948162318 	 0.17723126816319365 	 0.07777777777777778
1.52 	 1.29 	 172.96 	 512.28 	 305.38803510727365 	 0.18050487739936333 	 0.07777777777777778
1.55 	 1.32 	 152.26 	 459.7 	 272.108046575795 	 0.18378201587225654 	 0.07777777777777778
1.57 	 1.34 	 134.03 	 413.01 	 242.65933258363864 	 0.18712249571957432 	 0.07777777777777778
1.6 	 1.36 	 117.87 	 371.09 	 216.35336224540208 	 0.1904477519407397 	 0.07777777777777778
1.36 	 1.16 	 371.09 	 990.99 	 614.7777849644485 	 0.17158128637902895 	 0.07979797979797978
1.39 	 1.18 	 326.59 	 886.0 	 546.2286753683984 	 0.17478128118343905 	 0.07979797979797978
1.41 	 1.2 	 287.71 	 793.45 	 486.0330415284906 	 0.17809540850819514 	 0.07979797979797978
1.44 	 1.23 	 253.17 	 710.62 	 432.33057012460404 	 0.18137466150683246 	 0.07979797979797978
1.47 	 1.25 	 223.05 	 636.57 	 384.81619480694707 	 0.18471980420560685 	 0.07979797979797978
1.49 	 1.27 	 196.34 	 571.05 	 342.7491948162318 	 0.18810388201099737 	 0.07979797979797978
1.52 	 1.29 	 172.96 	 512.28 	 305.38803510727365 	 0.19152821831932365 	 0.07979797979797978
1.55 	 1.32 	 152.26 	 459.7 	 272.108046575795 	 0.1949529141663892 	 0.07979797979797978
1.57 	 1.34 	 134.03 	 413.01 	 242.65933258363864 	 0.19844301717600388 	 0.07979797979797978
1.6 	 1.36 	 117.87 	 371.09 	 216.35336224540208 	 0.2019129852119674 	 0.07979797979797978
1.36 	 1.16 	 371.09 	 990.99 	 614.7777849644485 	 0.18233740403186924 	 0.08181818181818182
1.39 	 1.18 	 326.59 	 886.0 	 546.2286753683984 	 0.18569155011713515 	 0.08181818181818182
1.41 	 1.2 	 287.71 	 793.45 	 486.0330415284906 	 0.18916668354232682 	 0.08181818181818182
1.44 	 1.23 	 253.17 	 710.62 	 432.33057012460404 	 0.19260044746692306 	 0.08181818181818182
1.47 	 1.25 	 223.05 	 636.57 	 384.81619480694707 	 0.19610252431750985 	 0.08181818181818182
1.49 	 1.27 	 196.34 	 571.05 	 342.7491948162318 	 0.19964349854466257 	 0.08181818181818182
1.52 	 1.29 	 172.96 	 512.28 	 305.38803510727365 	 0.203224749054365 	 0.08181818181818182
1.55 	 1.32 	 152.26 	 459.7 	 272.108046575795 	 0.2068028177924943 	 0.08181818181818182
1.57 	 1.34 	 134.03 	 413.01 	 242.65933258363864 	 0.21044840661451475 	 0.08181818181818182
1.6 	 1.36 	 117.87 	 371.09 	 216.35336224540208 	 0.21406844229851507 	 0.08181818181818182
1.36 	 1.16 	 371.09 	 990.99 	 614.7777849644485 	 0.1937678030670404 	 0.08383838383838382
1.39 	 1.18 	 326.59 	 886.0 	 546.2286753683984 	 0.1972828643401182 	 0.08383838383838382
1.41 	 1.2 	 287.71 	 793.45 	 486.0330415284906 	 0.2009262027704447 	 0.08383838383838382
1.44 	 1.23 	 253.17 	 710.62 	 432.33057012460404 	 0.20452102877149478 	 0.08383838383838382
1.47 	 1.25 	 223.05 	 636.57 	 384.81619480694707 	 0.20818666525271376 	 0.08383838383838382
1.49 	 1.27 	 196.34 	 571.05 	 342.7491948162318 	 0.21189103640520512 	 0.08383838383838382
1.52 	 1.29 	 172.96 	 512.28 	 305.38803510727365 	 0.21563558096359492 	 0.08383838383838382
1.55 	 1.32 	 152.26 	 459.7 	 272.108046575795 	 0.2193729990125423 	 0.08383838383838382
1.57 	 1.34 	 134.03 	 413.01 	 242.65933258363864 	 0.22318009712232678 	 0.08383838383838382
1.6 	 1.36 	 117.87 	 371.09 	 216.35336224540208 	 0.22695567568378766 	 0.08383838383838382
1.36 	 1.16 	 371.09 	 990.99 	 614.7777849644485 	 0.20591475295362335 	 0.08585858585858586
1.39 	 1.18 	 326.59 	 886.0 	 546.2286753683984 	 0.20959773634120832 	 0.08585858585858586
1.41 	 1.2 	 287.71 	 793.45 	 486.0330415284906 	 0.21341675079225356 	 0.08585858585858586
1.44 	 1.23 	 253.17 	 710.62 	 432.33057012460404 	 0.21717940825103343 	 0.08585858585858586
1.47 	 1.25 	 223.05 	 636.57 	 384.81619480694707 	 0.2210154496475066 	 0.08585858585858586
1.49 	 1.27 	 196.34 	 571.05 	 342.7491948162318 	 0.22488992447118356 	 0.08585858585858586
1.52 	 1.29 	 172.96 	 512.28 	 305.38803510727365 	 0.22880433605588163 	 0.08585858585858586
1.55 	 1.32 	 152.26 	 459.7 	 272.108046575795 	 0.23270723875747673 	 0.08585858585858586
1.57 	 1.34 	 134.03 	 413.01 	 242.65933258363864 	 0.23668202840218555 	 0.08585858585858586
1.6 	 1.36 	 117.87 	 371.09 	 216.35336224540208 	 0.24061873937147776 	 0.08585858585858586
1.36 	 1.16 	 371.09 	 990.99 	 614.7777849644485 	 0.2188231729565602 	 0.08787878787878786
1.39 	 1.18 	 326.59 	 886.0 	 546.2286753683984 	 0.2226813323412652 	 0.08787878787878786
1.41 	 1.2 	 287.71 	 793.45 	 486.0330415284906 	 0.22668377190584407 	 0.08787878787878786
1.44 	 1.23 	 253.17 	 710.62 	 432.33057012460404 	 0.23062125030168515 	 0.08787878787878786
1.47 	 1.25 	 223.05 	 636.57 	 384.81619480694707 	 0.2346347635838928 	 0.08787878787878786
1.49 	 1.27 	 196.34 	 571.05 	 342.7491948162318 	 0.2386862558543425 	 0.08787878787878786
1.52 	 1.29 	 172.96 	 512.28 	 305.38803510727365 	 0.2427773003139547 	 0.08787878787878786
1.55 	 1.32 	 152.26 	 459.7 	 272.108046575795 	 0.24685197911267626 	 0.08787878787878786
1.57 	 1.34 	 134.03 	 413.01 	 242.65933258363864 	 0.25100079841738215 	 0.08787878787878786
1.6 	 1.36 	 117.87 	 371.09 	 216.35336224540208 	 0.25510433948074634 	 0.08787878787878786
1.36 	 1.16 	 371.09 	 990.99 	 614.7777849644485 	 0.23254079824752133 	 0.0898989898989899
1.39 	 1.18 	 326.59 	 886.0 	 546.2286753683984 	 0.23658163794554277 	 0.0898989898989899
1.41 	 1.2 	 287.71 	 793.45 	 486.0330415284906 	 0.24077553544745434 	 0.0898989898989899
1.44 	 1.23 	 253.17 	 710.62 	 432.33057012460404 	 0.24489504561701209 	 0.0898989898989899
1.47 	 1.25 	 223.05 	 636.57 	 384.81619480694707 	 0.24909332071523954 	 0.0898989898989899
1.49 	 1.27 	 196.34 	 571.05 	 342.7491948162318 	 0.25332895134243666 	 0.0898989898989899
1.52 	 1.29 	 172.96 	 512.28 	 305.38803510727365 	 0.25760358638193326 	 0.0898989898989899
1.55 	 1.32 	 152.26 	 459.7 	 272.108046575795 	 0.2618564850720071 	 0.0898989898989899
1.57 	 1.34 	 134.03 	 413.01 	 242.65933258363864 	 0.2661858242109843 	 0.0898989898989899
1.6 	 1.36 	 117.87 	 371.09 	 216.35336224540208 	 0.27046199390745407 	 0.0898989898989899
1.36 	 1.16 	 371.09 	 990.99 	 614.7777849644485 	 0.2471183564289563 	 0.0919191919191919
1.39 	 1.18 	 326.59 	 886.0 	 546.2286753683984 	 0.2513496341364571 	 0.0919191919191919
1.41 	 1.2 	 287.71 	 793.45 	 486.0330415284906 	 0.25574331140955275 	 0.0919191919191919
1.44 	 1.23 	 253.17 	 710.62 	 432.33057012460404 	 0.26005228611545755 	 0.0919191919191919
1.47 	 1.25 	 223.05 	 636.57 	 384.81619480694707 	 0.26444283650559874 	 0.0919191919191919
1.49 	 1.27 	 196.34 	 571.05 	 342.7491948162318 	 0.26886993286878436 	 0.0919191919191919
1.52 	 1.29 	 172.96 	 512.28 	 305.38803510727365 	 0.2733353061880959 	 0.0919191919191919
1.55 	 1.32 	 152.26 	 459.7 	 272.108046575795 	 0.27777301612383604 	 0.0919191919191919
1.57 	 1.34 	 134.03 	 413.01 	 242.65933258363864 	 0.28228951245429257 	 0.0919191919191919
1.6 	 1.36 	 117.87 	 371.09 	 216.35336224540208 	 0.2867442015972312 	 0.0919191919191919
1.36 	 1.16 	 371.09 	 990.99 	 614.7777849644485 	 0.2626097551241188 	 0.09393939393939393
1.39 	 1.18 	 326.59 	 886.0 	 546.2286753683984 	 0.2670394842522525 	 0.09393939393939393
1.41 	 1.2 	 287.71 	 793.45 	 486.0330415284906 	 0.2716415569761948 	 0.09393939393939393
1.44 	 1.23 	 253.17 	 710.62 	 432.33057012460404 	 0.27614765069456365 	 0.09393939393939393
1.47 	 1.25 	 223.05 	 636.57 	 384.81619480694707 	 0.2807382132059254 	 0.09393939393939393
1.49 	 1.27 	 196.34 	 571.05 	 342.7491948162318 	 0.2853643076236694 	 0.09393939393939393
1.52 	 1.29 	 172.96 	 512.28 	 305.38803510727365 	 0.2900277541096376 	 0.09393939393939393
1.55 	 1.32 	 152.26 	 459.7 	 272.108046575795 	 0.2946570082666292 	 0.09393939393939393
1.57 	 1.34 	 134.03 	 413.01 	 242.65933258363864 	 0.29936744031312673 	 0.09393939393939393
1.6 	 1.36 	 117.87 	 371.09 	 216.35336224540208 	 0.30400662200903644 	 0.09393939393939393
1.36 	 1.16 	 371.09 	 990.99 	 614.7777849644485 	 0.27907228132676576 	 0.09595959595959597
1.39 	 1.18 	 326.59 	 886.0 	 546.2286753683984 	 0.28370873263732305 	 0.09595959595959597
1.41 	 1.2 	 287.71 	 793.45 	 486.0330415284906 	 0.28852811465432177 	 0.09595959595959597
1.44 	 1.23 	 253.17 	 710.62 	 432.33057012460404 	 0.2932392024820349 	 0.09595959595959597
1.47 	 1.25 	 223.05 	 636.57 	 384.81619480694707 	 0.2980377362288162 	 0.09595959595959597
1.49 	 1.27 	 196.34 	 571.05 	 342.7491948162318 	 0.3028705634604282 	 0.09595959595959597
1.52 	 1.29 	 172.96 	 512.28 	 305.38803510727365 	 0.30773960132320377 	 0.09595959595959597
1.55 	 1.32 	 152.26 	 459.7 	 272.108046575795 	 0.31256726708807947 	 0.09595959595959597
1.57 	 1.34 	 134.03 	 413.01 	 242.65933258363864 	 0.3174785472561423 	 0.09595959595959597
1.6 	 1.36 	 117.87 	 371.09 	 216.35336224540208 	 0.32230826538268 	 0.09595959595959597
1.36 	 1.16 	 371.09 	 990.99 	 614.7777849644485 	 0.2965668132477255 	 0.09797979797979797
1.39 	 1.18 	 326.59 	 886.0 	 546.2286753683984 	 0.301418515692767 	 0.09797979797979797
1.41 	 1.2 	 287.71 	 793.45 	 486.0330415284906 	 0.30646442272186203 	 0.09797979797979797
1.44 	 1.23 	 253.17 	 710.62 	 432.33057012460404 	 0.3113885982952256 	 0.09797979797979797
1.47 	 1.25 	 223.05 	 636.57 	 384.81619480694707 	 0.31640328262416456 	 0.09797979797979797
1.49 	 1.27 	 196.34 	 571.05 	 342.7491948162318 	 0.32145077628912494 	 0.09797979797979797
1.52 	 1.29 	 172.96 	 512.28 	 305.38803510727365 	 0.3265331020243118 	 0.09797979797979797
1.55 	 1.32 	 152.26 	 459.7 	 272.108046575795 	 0.331566172580241 	 0.09797979797979797
1.57 	 1.34 	 134.03 	 413.01 	 242.65933258363864 	 0.3366853384671535 	 0.09797979797979797
1.6 	 1.36 	 117.87 	 371.09 	 216.35336224540208 	 0.34171169446073524 	 0.09797979797979797
1.36 	 1.16 	 371.09 	 990.99 	 614.7777849644485 	 0.3151580454417414 	 0.1
1.39 	 1.18 	 326.59 	 886.0 	 546.2286753683984 	 0.3202337861012274 	 0.1
1.41 	 1.2 	 287.71 	 793.45 	 486.0330415284906 	 0.3255157387583111 	 0.1
1.44 	 1.23 	 253.17 	 710.62 	 432.33057012460404 	 0.3306613110646617 	 0.1
1.47 	 1.25 	 223.05 	 636.57 	 384.81619480694707 	 0.33590054240140776 	 0.1
1.49 	 1.27 	 196.34 	 571.05 	 342.7491948162318 	 0.3411708301932153 	 0.1
1.52 	 1.29 	 172.96 	 512.28 	 305.38803510727365 	 0.3464743122404904 	 0.1
1.55 	 1.32 	 152.26 	 459.7 	 272.108046575795 	 0.3517198964040306 	 0.1
1.57 	 1.34 	 134.03 	 413.01 	 242.65933258363864 	 0.357054100563479 	 0.1
1.6 	 1.36 	 117.87 	 371.09 	 216.35336224540208 	 0.3622832383544004 	 0.1
