1.36 	 1.16 	 371.09 	 990.99 	 614.7777849644485 	 5.631248763870242e-07 	 -1.0
1.39 	 1.18 	 326.59 	 886.0 	 546.2286753683984 	 4.968989665682064e-07 	 -1.0
1.41 	 1.2 	 287.71 	 793.45 	 486.0330415284906 	 4.383355744880912e-07 	 -1.0
1.44 	 1.23 	 253.17 	 710.62 	 432.33057012460404 	 3.868577370716356e-07 	 -1.0
1.47 	 1.25 	 223.05 	 636.57 	 384.81619480694707 	 3.4141266202060594e-07 	 -1.0
1.49 	 1.27 	 196.34 	 571.05 	 342.7491948162318 	 3.01335975350878e-07 	 -1.0
1.52 	 1.29 	 172.96 	 512.28 	 305.38803510727365 	 2.659883735561191e-07 	 -1.0
1.55 	 1.32 	 152.26 	 459.7 	 272.108046575795 	 2.3485229924589702e-07 	 -1.0
1.57 	 1.34 	 134.03 	 413.01 	 242.65933258363864 	 2.0735525987858115e-07 	 -1.0
1.6 	 1.36 	 117.87 	 371.09 	 216.35336224540208 	 1.831436464289635e-07 	 -1.0
1.36 	 1.16 	 371.09 	 990.99 	 614.7777849644485 	 6.441402378497807e-07 	 -0.9797979797979798
1.39 	 1.18 	 326.59 	 886.0 	 546.2286753683984 	 5.699275099154898e-07 	 -0.9797979797979798
1.41 	 1.2 	 287.71 	 793.45 	 486.0330415284906 	 5.041202969689649e-07 	 -0.9797979797979798
1.44 	 1.23 	 253.17 	 710.62 	 432.33057012460404 	 4.461232013215655e-07 	 -0.9797979797979798
1.47 	 1.25 	 223.05 	 636.57 	 384.81619480694707 	 3.947837960168703e-07 	 -0.9797979797979798
1.49 	 1.27 	 196.34 	 571.05 	 342.7491948162318 	 3.4938717415202987e-07 	 -0.9797979797979798
1.52 	 1.29 	 172.96 	 512.28 	 305.38803510727365 	 3.0923953438178526e-07 	 -0.9797979797979798
1.55 	 1.32 	 152.26 	 459.7 	 272.108046575795 	 2.7378121876410364e-07 	 -0.9797979797979798
1.57 	 1.34 	 134.03 	 413.01 	 242.65933258363864 	 2.423820554707939e-07 	 -0.9797979797979798
1.6 	 1.36 	 117.87 	 371.09 	 216.35336224540208 	 2.1466138344978324e-07 	 -0.9797979797979798
1.36 	 1.16 	 371.09 	 990.99 	 614.7777849644485 	 7.368110758651869e-07 	 -0.9595959595959596
1.39 	 1.18 	 326.59 	 886.0 	 546.2286753683984 	 6.536889557283586e-07 	 -0.9595959595959596
1.41 	 1.2 	 287.71 	 793.45 	 486.0330415284906 	 5.797778884656358e-07 	 -0.9595959595959596
1.44 	 1.23 	 253.17 	 710.62 	 432.33057012460404 	 5.144679598861126e-07 	 -0.9595959595959596
1.47 	 1.25 	 223.05 	 636.57 	 384.81619480694707 	 4.5649814120860857e-07 	 -0.9595959595959596
1.49 	 1.27 	 196.34 	 571.05 	 342.7491948162318 	 4.051006432929224e-07 	 -0.9595959595959596
1.52 	 1.29 	 172.96 	 512.28 	 305.38803510727365 	 3.595235699446353e-07 	 -0.9595959595959596
1.55 	 1.32 	 152.26 	 459.7 	 272.108046575795 	 3.1916296322684454e-07 	 -0.9595959595959596
1.57 	 1.34 	 134.03 	 413.01 	 242.65933258363864 	 2.833256356682154e-07 	 -0.9595959595959596
1.6 	 1.36 	 117.87 	 371.09 	 216.35336224540208 	 2.516031019533505e-07 	 -0.9595959595959596
1.36 	 1.16 	 371.09 	 990.99 	 614.7777849644485 	 8.428142345676892e-07 	 -0.9393939393939394
1.39 	 1.18 	 326.59 	 886.0 	 546.2286753683984 	 7.497607036105215e-07 	 -0.9393939393939394
1.41 	 1.2 	 287.71 	 793.45 	 486.0330415284906 	 6.667900538318662e-07 	 -0.9393939393939394
1.44 	 1.23 	 253.17 	 710.62 	 432.33057012460404 	 5.932829338741315e-07 	 -0.9393939393939394
1.47 	 1.25 	 223.05 	 636.57 	 384.81619480694707 	 5.278599451888587e-07 	 -0.9393939393939394
1.49 	 1.27 	 196.34 	 571.05 	 342.7491948162318 	 4.6969821257643356e-07 	 -0.9393939393939394
1.52 	 1.29 	 172.96 	 512.28 	 305.38803510727365 	 4.179840640496984e-07 	 -0.9393939393939394
1.55 	 1.32 	 152.26 	 459.7 	 272.108046575795 	 3.7206714746751486e-07 	 -0.9393939393939394
1.57 	 1.34 	 134.03 	 413.01 	 242.65933258363864 	 3.311854735734378e-07 	 -0.9393939393939394
1.6 	 1.36 	 117.87 	 371.09 	 216.35336224540208 	 2.949022311102231e-07 	 -0.9393939393939394
1.36 	 1.16 	 371.09 	 990.99 	 614.7777849644485 	 9.640678014453329e-07 	 -0.9191919191919192
1.39 	 1.18 	 326.59 	 886.0 	 546.2286753683984 	 8.599519813703956e-07 	 -0.9191919191919192
1.41 	 1.2 	 287.71 	 793.45 	 486.0330415284906 	 7.668608698854435e-07 	 -0.9191919191919192
1.44 	 1.23 	 253.17 	 710.62 	 432.33057012460404 	 6.841721294057178e-07 	 -0.9191919191919192
1.47 	 1.25 	 223.05 	 636.57 	 384.81619480694707 	 6.103773412901052e-07 	 -0.9191919191919192
1.49 	 1.27 	 196.34 	 571.05 	 342.7491948162318 	 5.445965454514769e-07 	 -0.9191919191919192
1.52 	 1.29 	 172.96 	 512.28 	 305.38803510727365 	 4.859505534683227e-07 	 -0.9191919191919192
1.55 	 1.32 	 152.26 	 459.7 	 272.108046575795 	 4.337406847743243e-07 	 -0.9191919191919192
1.57 	 1.34 	 134.03 	 413.01 	 242.65933258363864 	 3.871298749489298e-07 	 -0.9191919191919192
1.6 	 1.36 	 117.87 	 371.09 	 216.35336224540208 	 3.4565283670434235e-07 	 -0.9191919191919192
1.36 	 1.16 	 371.09 	 990.99 	 614.7777849644485 	 1.1027658144150537e-06 	 -0.898989898989899
1.39 	 1.18 	 326.59 	 886.0 	 546.2286753683984 	 9.863379164867846e-07 	 -0.898989898989899
1.41 	 1.2 	 287.71 	 793.45 	 486.0330415284906 	 8.819501586473027e-07 	 -0.898989898989899
1.44 	 1.23 	 253.17 	 710.62 	 432.33057012460404 	 7.889852816074136e-07 	 -0.898989898989899
1.47 	 1.25 	 223.05 	 636.57 	 384.81619480694707 	 7.057942209028233e-07 	 -0.898989898989899
1.49 	 1.27 	 196.34 	 571.05 	 342.7491948162318 	 6.314382072923463e-07 	 -0.898989898989899
1.52 	 1.29 	 172.96 	 512.28 	 305.38803510727365 	 5.649687649050925e-07 	 -0.898989898989899
1.55 	 1.32 	 152.26 	 459.7 	 272.108046575795 	 5.056371757329793e-07 	 -0.898989898989899
1.57 	 1.34 	 134.03 	 413.01 	 242.65933258363864 	 4.525244977109238e-07 	 -0.898989898989899
1.6 	 1.36 	 117.87 	 371.09 	 216.35336224540208 	 4.0513726556752554e-07 	 -0.898989898989899
1.36 	 1.16 	 371.09 	 990.99 	 614.7777849644485 	 1.2614179621177345e-06 	 -0.8787878787878788
1.39 	 1.18 	 326.59 	 886.0 	 546.2286753683984 	 1.131298615010067e-06 	 -0.8787878787878788
1.41 	 1.2 	 287.71 	 793.45 	 486.0330415284906 	 1.0143118691845606e-06 	 -0.8787878787878788
1.44 	 1.23 	 253.17 	 710.62 	 432.33057012460404 	 9.098554995712003e-07 	 -0.8787878787878788
1.47 	 1.25 	 223.05 	 636.57 	 384.81619480694707 	 8.161270882155152e-07 	 -0.8787878787878788
1.49 	 1.27 	 196.34 	 571.05 	 342.7491948162318 	 7.321276878428109e-07 	 -0.8787878787878788
1.52 	 1.29 	 172.96 	 512.28 	 305.38803510727365 	 6.568357686605491e-07 	 -0.8787878787878788
1.55 	 1.32 	 152.26 	 459.7 	 272.108046575795 	 5.894511685392103e-07 	 -0.8787878787878788
1.57 	 1.34 	 134.03 	 413.01 	 242.65933258363864 	 5.28965688983673e-07 	 -0.8787878787878788
1.6 	 1.36 	 117.87 	 371.09 	 216.35336224540208 	 4.7485854742724895e-07 	 -0.8787878787878788
1.36 	 1.16 	 371.09 	 990.99 	 614.7777849644485 	 1.4428949957949816e-06 	 -0.8585858585858586
1.39 	 1.18 	 326.59 	 886.0 	 546.2286753683984 	 1.2975639838345868e-06 	 -0.8585858585858586
1.41 	 1.2 	 287.71 	 793.45 	 486.0330415284906 	 1.166538219740955e-06 	 -0.8585858585858586
1.44 	 1.23 	 253.17 	 710.62 	 432.33057012460404 	 1.0492426784101616e-06 	 -0.8585858585858586
1.47 	 1.25 	 223.05 	 636.57 	 384.81619480694707 	 9.437076762503621e-07 	 -0.8585858585858586
1.49 	 1.27 	 196.34 	 571.05 	 342.7491948162318 	 8.488731678187718e-07 	 -0.8585858585858586
1.52 	 1.29 	 172.96 	 512.28 	 305.38803510727365 	 7.636408484712786e-07 	 -0.8585858585858586
1.55 	 1.32 	 152.26 	 459.7 	 272.108046575795 	 6.871580982718857e-07 	 -0.8585858585858586
1.57 	 1.34 	 134.03 	 413.01 	 242.65933258363864 	 6.183194535044009e-07 	 -0.8585858585858586
1.6 	 1.36 	 117.87 	 371.09 	 216.35336224540208 	 5.565783728851634e-07 	 -0.8585858585858586
1.36 	 1.16 	 371.09 	 990.99 	 614.7777849644485 	 1.6504806744585471e-06 	 -0.8383838383838383
1.39 	 1.18 	 326.59 	 886.0 	 546.2286753683984 	 1.4882651404374743e-06 	 -0.8383838383838383
1.41 	 1.2 	 287.71 	 793.45 	 486.0330415284906 	 1.3416104646496925e-06 	 -0.8383838383838383
1.44 	 1.23 	 253.17 	 710.62 	 432.33057012460404 	 1.209983561913038e-06 	 -0.8383838383838383
1.47 	 1.25 	 223.05 	 636.57 	 384.81619480694707 	 1.0912322248256033e-06 	 -0.8383838383838383
1.49 	 1.27 	 196.34 	 571.05 	 342.7491948162318 	 9.842349456361332e-07 	 -0.8383838383838383
1.52 	 1.29 	 172.96 	 512.28 	 305.38803510727365 	 8.878130170089779e-07 	 -0.8383838383838383
1.55 	 1.32 	 152.26 	 459.7 	 272.108046575795 	 8.0106084646641e-07 	 -0.8383838383838383
1.57 	 1.34 	 134.03 	 413.01 	 242.65933258363864 	 7.227670046360637e-07 	 -0.8383838383838383
1.6 	 1.36 	 117.87 	 371.09 	 216.35336224540208 	 6.523616071393432e-07 	 -0.8383838383838383
1.36 	 1.16 	 371.09 	 990.99 	 614.7777849644485 	 1.8879311832807754e-06 	 -0.8181818181818181
1.39 	 1.18 	 326.59 	 886.0 	 546.2286753683984 	 1.706993378234628e-06 	 -0.8181818181818181
1.41 	 1.2 	 287.71 	 793.45 	 486.0330415284906 	 1.5429572802657588e-06 	 -0.8181818181818181
1.44 	 1.23 	 253.17 	 710.62 	 432.33057012460404 	 1.3953494746497949e-06 	 -0.8181818181818181
1.47 	 1.25 	 223.05 	 636.57 	 384.81619480694707 	 1.2618184618664923e-06 	 -0.8181818181818181
1.49 	 1.27 	 196.34 	 571.05 	 342.7491948162318 	 1.1411815862910844e-06 	 -0.8181818181818181
1.52 	 1.29 	 172.96 	 512.28 	 305.38803510727365 	 1.0321762576589444e-06 	 -0.8181818181818181
1.55 	 1.32 	 152.26 	 459.7 	 272.108046575795 	 9.338440183638496e-07 	 -0.8181818181818181
1.57 	 1.34 	 134.03 	 413.01 	 242.65933258363864 	 8.448580099329972e-07 	 -0.8181818181818181
1.6 	 1.36 	 117.87 	 371.09 	 216.35336224540208 	 7.646284642059489e-07 	 -0.8181818181818181
1.36 	 1.16 	 371.09 	 990.99 	 614.7777849644485 	 2.1595431003596903e-06 	 -0.797979797979798
1.39 	 1.18 	 326.59 	 886.0 	 546.2286753683984 	 1.9578677979921944e-06 	 -0.797979797979798
1.41 	 1.2 	 287.71 	 793.45 	 486.0330415284906 	 1.7745219133683044e-06 	 -0.797979797979798
1.44 	 1.23 	 253.17 	 710.62 	 432.33057012460404 	 1.6091128984654704e-06 	 -0.797979797979798
1.47 	 1.25 	 223.05 	 636.57 	 384.81619480694707 	 1.4590714922862345e-06 	 -0.797979797979798
1.49 	 1.27 	 196.34 	 571.05 	 342.7491948162318 	 1.3231550237714104e-06 	 -0.797979797979798
1.52 	 1.29 	 172.96 	 512.28 	 305.38803510727365 	 1.2000137489131314e-06 	 -0.797979797979798
1.55 	 1.32 	 152.26 	 459.7 	 272.108046575795 	 1.0886372171112155e-06 	 -0.797979797979798
1.57 	 1.34 	 134.03 	 413.01 	 242.65933258363864 	 9.875728310361369e-07 	 -0.797979797979798
1.6 	 1.36 	 117.87 	 371.09 	 216.35336224540208 	 8.962156599584583e-07 	 -0.797979797979798
1.36 	 1.16 	 371.09 	 990.99 	 614.7777849644485 	 2.4702311416917492e-06 	 -0.7777777777777778
1.39 	 1.18 	 326.59 	 886.0 	 546.2286753683984 	 2.245612878931696e-06 	 -0.7777777777777778
1.41 	 1.2 	 287.71 	 793.45 	 486.0330415284906 	 2.040839407090992e-06 	 -0.7777777777777778
1.44 	 1.23 	 253.17 	 710.62 	 432.33057012460404 	 1.8556242482965002e-06 	 -0.7777777777777778
1.47 	 1.25 	 223.05 	 636.57 	 384.81619480694707 	 1.687159986907556e-06 	 -0.7777777777777778
1.49 	 1.27 	 196.34 	 571.05 	 342.7491948162318 	 1.5341460447338156e-06 	 -0.7777777777777778
1.52 	 1.29 	 172.96 	 512.28 	 305.38803510727365 	 1.3951425319999654e-06 	 -0.7777777777777778
1.55 	 1.32 	 152.26 	 459.7 	 272.108046575795 	 1.2690888062398976e-06 	 -0.7777777777777778
1.57 	 1.34 	 134.03 	 413.01 	 242.65933258363864 	 1.1543952772348996e-06 	 -0.7777777777777778
1.6 	 1.36 	 117.87 	 371.09 	 216.35336224540208 	 1.0504480891760736e-06 	 -0.7777777777777778
1.36 	 1.16 	 371.09 	 990.99 	 614.7777849644485 	 2.8256170911186722e-06 	 -0.7575757575757576
1.39 	 1.18 	 326.59 	 886.0 	 546.2286753683984 	 2.575647450351505e-06 	 -0.7575757575757576
1.41 	 1.2 	 287.71 	 793.45 	 486.0330415284906 	 2.3471254168001164e-06 	 -0.7575757575757576
1.44 	 1.23 	 253.17 	 710.62 	 432.33057012460404 	 2.1399004098156768e-06 	 -0.7575757575757576
1.47 	 1.25 	 223.05 	 636.57 	 384.81619480694707 	 1.950904281572714e-06 	 -0.7575757575757576
1.49 	 1.27 	 196.34 	 571.05 	 342.7491948162318 	 1.7787818088494945e-06 	 -0.7575757575757576
1.52 	 1.29 	 172.96 	 512.28 	 305.38803510727365 	 1.6220003198781507e-06 	 -0.7575757575757576
1.55 	 1.32 	 152.26 	 459.7 	 272.108046575795 	 1.4794518989505336e-06 	 -0.7575757575757576
1.57 	 1.34 	 134.03 	 413.01 	 242.65933258363864 	 1.3493976486818523e-06 	 -0.7575757575757576
1.6 	 1.36 	 117.87 	 371.09 	 216.35336224540208 	 1.2312228377094122e-06 	 -0.7575757575757576
1.36 	 1.16 	 371.09 	 990.99 	 614.7777849644485 	 3.232131524402189e-06 	 -0.7373737373737373
1.39 	 1.18 	 326.59 	 886.0 	 546.2286753683984 	 2.9541867392825794e-06 	 -0.7373737373737373
1.41 	 1.2 	 287.71 	 793.45 	 486.0330415284906 	 2.699378355321755e-06 	 -0.7373737373737373
1.44 	 1.23 	 253.17 	 710.62 	 432.33057012460404 	 2.4677268407831396e-06 	 -0.7373737373737373
1.47 	 1.25 	 223.05 	 636.57 	 384.81619480694707 	 2.255878248295178e-06 	 -0.7373737373737373
1.49 	 1.27 	 196.34 	 571.05 	 342.7491948162318 	 2.062427325191759e-06 	 -0.7373737373737373
1.52 	 1.29 	 172.96 	 512.28 	 305.38803510727365 	 1.8857464218465162e-06 	 -0.7373737373737373
1.55 	 1.32 	 152.26 	 459.7 	 272.108046575795 	 1.7246846009093166e-06 	 -0.7373737373737373
1.57 	 1.34 	 134.03 	 413.01 	 242.65933258363864 	 1.5773401452487022e-06 	 -0.7373737373737373
1.6 	 1.36 	 117.87 	 371.09 	 216.35336224540208 	 1.4431076525506614e-06 	 -0.7373737373737373
1.36 	 1.16 	 371.09 	 990.99 	 614.7777849644485 	 3.697130168086068e-06 	 -0.7171717171717171
1.39 	 1.18 	 326.59 	 886.0 	 546.2286753683984 	 3.3883594159449172e-06 	 -0.7171717171717171
1.41 	 1.2 	 287.71 	 793.45 	 486.0330415284906 	 3.1044968679660985e-06 	 -0.7171717171717171
1.44 	 1.23 	 253.17 	 710.62 	 432.33057012460404 	 2.845775314023178e-06 	 -0.7171717171717171
1.47 	 1.25 	 223.05 	 636.57 	 384.81619480694707 	 2.6085270913593323e-06 	 -0.7171717171717171
1.49 	 1.27 	 196.34 	 571.05 	 342.7491948162318 	 2.391303110103673e-06 	 -0.7171717171717171
1.52 	 1.29 	 172.96 	 512.28 	 305.38803510727365 	 2.192379079046095e-06 	 -0.7171717171717171
1.55 	 1.32 	 152.26 	 459.7 	 272.108046575795 	 2.010566869205921e-06 	 -0.7171717171717171
1.57 	 1.34 	 134.03 	 413.01 	 242.65933258363864 	 1.8437870676917068e-06 	 -0.7171717171717171
1.6 	 1.36 	 117.87 	 371.09 	 216.35336224540208 	 1.6914563579122024e-06 	 -0.7171717171717171
1.36 	 1.16 	 371.09 	 990.99 	 614.7777849644485 	 4.229026998615185e-06 	 -0.696969696969697
1.39 	 1.18 	 326.59 	 886.0 	 546.2286753683984 	 3.886341841210331e-06 	 -0.696969696969697
1.41 	 1.2 	 287.71 	 793.45 	 486.0330415284906 	 3.5704149380209856e-06 	 -0.696969696969697
1.44 	 1.23 	 253.17 	 710.62 	 432.33057012460404 	 3.2817396982777972e-06 	 -0.696969696969697
1.47 	 1.25 	 223.05 	 636.57 	 384.81619480694707 	 3.016303557826244e-06 	 -0.696969696969697
1.49 	 1.27 	 196.34 	 571.05 	 342.7491948162318 	 2.7726216068533833e-06 	 -0.696969696969697
1.52 	 1.29 	 172.96 	 512.28 	 305.38803510727365 	 2.548871879355057e-06 	 -0.696969696969697
1.55 	 1.32 	 152.26 	 459.7 	 272.108046575795 	 2.3438367417539378e-06 	 -0.696969696969697
1.57 	 1.34 	 134.03 	 413.01 	 242.65933258363864 	 2.155242647711323e-06 	 -0.696969696969697
1.6 	 1.36 	 117.87 	 371.09 	 216.35336224540208 	 1.9825441336027897e-06 	 -0.696969696969697
1.36 	 1.16 	 371.09 	 990.99 	 614.7777849644485 	 4.837446490090649e-06 	 -0.6767676767676767
1.39 	 1.18 	 326.59 	 886.0 	 546.2286753683984 	 4.457512044226295e-06 	 -0.6767676767676767
1.41 	 1.2 	 287.71 	 793.45 	 486.0330415284906 	 4.106257268668182e-06 	 -0.6767676767676767
1.44 	 1.23 	 253.17 	 710.62 	 432.33057012460404 	 3.784492540286607e-06 	 -0.6767676767676767
1.47 	 1.25 	 223.05 	 636.57 	 384.81619480694707 	 3.4878254410668755e-06 	 -0.6767676767676767
1.49 	 1.27 	 196.34 	 571.05 	 342.7491948162318 	 3.214745358842012e-06 	 -0.6767676767676767
1.52 	 1.29 	 172.96 	 512.28 	 305.38803510727365 	 2.963332354089846e-06 	 -0.6767676767676767
1.55 	 1.32 	 152.26 	 459.7 	 272.108046575795 	 2.732349147962156e-06 	 -0.6767676767676767
1.57 	 1.34 	 134.03 	 413.01 	 242.65933258363864 	 2.519309822651609e-06 	 -0.6767676767676767
1.6 	 1.36 	 117.87 	 371.09 	 216.35336224540208 	 2.3237260738635394e-06 	 -0.6767676767676767
1.36 	 1.16 	 371.09 	 990.99 	 614.7777849644485 	 5.533397765526911e-06 	 -0.6565656565656566
1.39 	 1.18 	 326.59 	 886.0 	 546.2286753683984 	 5.1126263299150735e-06 	 -0.6565656565656566
1.41 	 1.2 	 287.71 	 793.45 	 486.0330415284906 	 4.722517984376407e-06 	 -0.6565656565656566
1.44 	 1.23 	 253.17 	 710.62 	 432.33057012460404 	 4.3642656347793605e-06 	 -0.6565656565656566
1.47 	 1.25 	 223.05 	 636.57 	 384.81619480694707 	 4.033057705942627e-06 	 -0.6565656565656566
1.49 	 1.27 	 196.34 	 571.05 	 342.7491948162318 	 3.727370405197427e-06 	 -0.6565656565656566
1.52 	 1.29 	 172.96 	 512.28 	 305.38803510727365 	 3.4451863633952512e-06 	 -0.6565656565656566
1.55 	 1.32 	 152.26 	 459.7 	 272.108046575795 	 3.185261043728997e-06 	 -0.6565656565656566
1.57 	 1.34 	 134.03 	 413.01 	 242.65933258363864 	 2.944875830686042e-06 	 -0.6565656565656566
1.6 	 1.36 	 117.87 	 371.09 	 216.35336224540208 	 2.7236230330674192e-06 	 -0.6565656565656566
1.36 	 1.16 	 371.09 	 990.99 	 614.7777849644485 	 6.329473802812962e-06 	 -0.6363636363636364
1.39 	 1.18 	 326.59 	 886.0 	 546.2286753683984 	 5.864021842228785e-06 	 -0.6363636363636364
1.41 	 1.2 	 287.71 	 793.45 	 486.0330415284906 	 5.431266151521994e-06 	 -0.6363636363636364
1.44 	 1.23 	 253.17 	 710.62 	 432.33057012460404 	 5.032858257258871e-06 	 -0.6363636363636364
1.47 	 1.25 	 223.05 	 636.57 	 384.81619480694707 	 4.663523084597913e-06 	 -0.6363636363636364
1.49 	 1.27 	 196.34 	 571.05 	 342.7491948162318 	 4.321738920729371e-06 	 -0.6363636363636364
1.52 	 1.29 	 172.96 	 512.28 	 305.38803510727365 	 4.005392463704969e-06 	 -0.6363636363636364
1.55 	 1.32 	 152.26 	 459.7 	 272.108046575795 	 3.713247234257941e-06 	 -0.6363636363636364
1.57 	 1.34 	 134.03 	 413.01 	 242.65933258363864 	 3.4423291570510823e-06 	 -0.6363636363636364
1.6 	 1.36 	 117.87 	 371.09 	 216.35336224540208 	 3.1923394541602045e-06 	 -0.6363636363636364
1.36 	 1.16 	 371.09 	 990.99 	 614.7777849644485 	 7.240079299934566e-06 	 -0.6161616161616161
1.39 	 1.18 	 326.59 	 886.0 	 546.2286753683984 	 6.7258488978417744e-06 	 -0.6161616161616161
1.41 	 1.2 	 287.71 	 793.45 	 486.0330415284906 	 6.24638214322516e-06 	 -0.6161616161616161
1.44 	 1.23 	 253.17 	 710.62 	 432.33057012460404 	 5.80387729743205e-06 	 -0.6161616161616161
1.47 	 1.25 	 223.05 	 636.57 	 384.81619480694707 	 5.3925455935162405e-06 	 -0.6161616161616161
1.49 	 1.27 	 196.34 	 571.05 	 342.7491948162318 	 5.010885763567623e-06 	 -0.6161616161616161
1.52 	 1.29 	 172.96 	 512.28 	 305.38803510727365 	 4.656691132520899e-06 	 -0.6161616161616161
1.55 	 1.32 	 152.26 	 459.7 	 272.108046575795 	 4.328751971481246e-06 	 -0.6161616161616161
1.57 	 1.34 	 134.03 	 413.01 	 242.65933258363864 	 4.023813127198477e-06 	 -0.6161616161616161
1.6 	 1.36 	 117.87 	 371.09 	 216.35336224540208 	 3.741718683848277e-06 	 -0.6161616161616161
1.36 	 1.16 	 371.09 	 990.99 	 614.7777849644485 	 8.281691322593819e-06 	 -0.5959595959595959
1.39 	 1.18 	 326.59 	 886.0 	 546.2286753683984 	 7.714337465599547e-06 	 -0.5959595959595959
1.41 	 1.2 	 287.71 	 793.45 	 486.0330415284906 	 7.183829477454056e-06 	 -0.5959595959595959
1.44 	 1.23 	 253.17 	 710.62 	 432.33057012460404 	 6.693014180374242e-06 	 -0.5959595959595959
1.47 	 1.25 	 223.05 	 636.57 	 384.81619480694707 	 6.235532118237312e-06 	 -0.5959595959595959
1.49 	 1.27 	 196.34 	 571.05 	 342.7491948162318 	 5.809924337420893e-06 	 -0.5959595959595959
1.52 	 1.29 	 172.96 	 512.28 	 305.38803510727365 	 5.413894518501296e-06 	 -0.5959595959595959
1.55 	 1.32 	 152.26 	 459.7 	 272.108046575795 	 5.046282256060792e-06 	 -0.5959595959595959
1.57 	 1.34 	 134.03 	 413.01 	 242.65933258363864 	 4.703522337324966e-06 	 -0.5959595959595959
1.6 	 1.36 	 117.87 	 371.09 	 216.35336224540208 	 4.385642225739531e-06 	 -0.5959595959595959
1.36 	 1.16 	 371.09 	 990.99 	 614.7777849644485 	 9.473157450546932e-06 	 -0.5757575757575757
1.39 	 1.18 	 326.59 	 886.0 	 546.2286753683984 	 8.848102810077838e-06 	 -0.5757575757575757
1.41 	 1.2 	 287.71 	 793.45 	 486.0330415284906 	 8.261967452169321e-06 	 -0.5757575757575757
1.44 	 1.23 	 253.17 	 710.62 	 432.33057012460404 	 7.718364211199121e-06 	 -0.5757575757575757
1.47 	 1.25 	 223.05 	 636.57 	 384.81619480694707 	 7.210298016639646e-06 	 -0.5757575757575757
1.49 	 1.27 	 196.34 	 571.05 	 342.7491948162318 	 6.73637803758726e-06 	 -0.5757575757575757
1.52 	 1.29 	 172.96 	 512.28 	 305.38803510727365 	 6.294223306494313e-06 	 -0.5757575757575757
1.55 	 1.32 	 152.26 	 459.7 	 272.108046575795 	 5.882749756882074e-06 	 -0.5757575757575757
1.57 	 1.34 	 134.03 	 413.01 	 242.65933258363864 	 5.498049158440363e-06 	 -0.5757575757575757
1.6 	 1.36 	 117.87 	 371.09 	 216.35336224540208 	 5.140380492850955e-06 	 -0.5757575757575757
1.36 	 1.16 	 371.09 	 990.99 	 614.7777849644485 	 1.0836036817506757e-05 	 -0.5555555555555556
1.39 	 1.18 	 326.59 	 886.0 	 546.2286753683984 	 1.014849605514669e-05 	 -0.5555555555555556
1.41 	 1.2 	 287.71 	 793.45 	 486.0330415284906 	 9.501910700265733e-06 	 -0.5555555555555556
1.44 	 1.23 	 253.17 	 710.62 	 432.33057012460404 	 8.900794842390183e-06 	 -0.5555555555555556
1.47 	 1.25 	 223.05 	 636.57 	 384.81619480694707 	 8.337443621965326e-06 	 -0.5555555555555556
1.49 	 1.27 	 196.34 	 571.05 	 342.7491948162318 	 7.810564549526005e-06 	 -0.5555555555555556
1.52 	 1.29 	 172.96 	 512.28 	 305.38803510727365 	 7.317698358663844e-06 	 -0.5555555555555556
1.55 	 1.32 	 152.26 	 459.7 	 272.108046575795 	 6.857869406835494e-06 	 -0.5555555555555556
1.57 	 1.34 	 134.03 	 413.01 	 242.65933258363864 	 6.4267887724795294e-06 	 -0.5555555555555556
1.6 	 1.36 	 117.87 	 371.09 	 216.35336224540208 	 6.025003922162594e-06 	 -0.5555555555555556
1.36 	 1.16 	 371.09 	 990.99 	 614.7777849644485 	 1.2394990215599418e-05 	 -0.5353535353535352
1.39 	 1.18 	 326.59 	 886.0 	 546.2286753683984 	 1.1640006269369073e-05 	 -0.5353535353535352
1.41 	 1.2 	 287.71 	 793.45 	 486.0330415284906 	 1.0927942705961425e-05 	 -0.5353535353535352
1.44 	 1.23 	 253.17 	 710.62 	 432.33057012460404 	 1.0264370358601106e-05 	 -0.5353535353535352
1.47 	 1.25 	 223.05 	 636.57 	 384.81619480694707 	 9.640789602459027e-06 	 -0.5353535353535352
1.49 	 1.27 	 196.34 	 571.05 	 342.7491948162318 	 9.05604142788908e-06 	 -0.5353535353535352
1.52 	 1.29 	 172.96 	 512.28 	 305.38803510727365 	 8.507596038599493e-06 	 -0.5353535353535352
1.55 	 1.32 	 152.26 	 459.7 	 272.108046575795 	 7.994624069499237e-06 	 -0.5353535353535352
1.57 	 1.34 	 134.03 	 413.01 	 242.65933258363864 	 7.512412627788448e-06 	 -0.5353535353535352
1.6 	 1.36 	 117.87 	 371.09 	 216.35336224540208 	 7.061864839102925e-06 	 -0.5353535353535352
1.36 	 1.16 	 371.09 	 990.99 	 614.7777849644485 	 1.417822632316924e-05 	 -0.5151515151515151
1.39 	 1.18 	 326.59 	 886.0 	 546.2286753683984 	 1.3350721645325835e-05 	 -0.5151515151515151
1.41 	 1.2 	 287.71 	 793.45 	 486.0330415284906 	 1.2567991381084627e-05 	 -0.5151515151515151
1.44 	 1.23 	 253.17 	 710.62 	 432.33057012460404 	 1.183684162191483e-05 	 -0.5151515151515151
1.47 	 1.25 	 223.05 	 636.57 	 384.81619480694707 	 1.1147880378347036e-05 	 -0.5151515151515151
1.49 	 1.27 	 196.34 	 571.05 	 342.7491948162318 	 1.0500122727827693e-05 	 -0.5151515151515151
1.52 	 1.29 	 172.96 	 512.28 	 305.38803510727365 	 9.89097757361094e-06 	 -0.5151515151515151
1.55 	 1.32 	 152.26 	 459.7 	 272.108046575795 	 9.319806228580399e-06 	 -0.5151515151515151
1.57 	 1.34 	 134.03 	 413.01 	 242.65933258363864 	 8.781421871498906e-06 	 -0.5151515151515151
1.6 	 1.36 	 117.87 	 371.09 	 216.35336224540208 	 8.277162247532269e-06 	 -0.5151515151515151
1.36 	 1.16 	 371.09 	 990.99 	 614.7777849644485 	 1.6218012130257075e-05 	 -0.4949494949494949
1.39 	 1.18 	 326.59 	 886.0 	 546.2286753683984 	 1.5312858457818837e-05 	 -0.4949494949494949
1.41 	 1.2 	 287.71 	 793.45 	 486.0330415284906 	 1.445417601511127e-05 	 -0.4949494949494949
1.44 	 1.23 	 253.17 	 710.62 	 432.33057012460404 	 1.3650210844631898e-05 	 -0.4949494949494949
1.47 	 1.25 	 223.05 	 636.57 	 384.81619480694707 	 1.289056623518024e-05 	 -0.4949494949494949
1.49 	 1.27 	 196.34 	 571.05 	 342.7491948162318 	 1.2174478018608514e-05 	 -0.4949494949494949
1.52 	 1.29 	 172.96 	 512.28 	 305.38803510727365 	 1.1499304494219917e-05 	 -0.4949494949494949
1.55 	 1.32 	 152.26 	 459.7 	 272.108046575795 	 1.0864649467342199e-05 	 -0.4949494949494949
1.57 	 1.34 	 134.03 	 413.01 	 242.65933258363864 	 1.026479426862106e-05 	 -0.4949494949494949
1.6 	 1.36 	 117.87 	 371.09 	 216.35336224540208 	 9.701603816121254e-06 	 -0.4949494949494949
1.36 	 1.16 	 371.09 	 990.99 	 614.7777849644485 	 1.85512567977101e-05 	 -0.4747474747474747
1.39 	 1.18 	 326.59 	 886.0 	 546.2286753683984 	 1.756336776231774e-05 	 -0.4747474747474747
1.41 	 1.2 	 287.71 	 793.45 	 486.0330415284906 	 1.6623436310614916e-05 	 -0.4747474747474747
1.44 	 1.23 	 253.17 	 710.62 	 432.33057012460404 	 1.574138288358413e-05 	 -0.4747474747474747
1.47 	 1.25 	 223.05 	 636.57 	 384.81619480694707 	 1.4905676435703477e-05 	 -0.4747474747474747
1.49 	 1.27 	 196.34 	 571.05 	 342.7491948162318 	 1.4115826916267466e-05 	 -0.4747474747474747
1.52 	 1.29 	 172.96 	 512.28 	 305.38803510727365 	 1.3369154147471287e-05 	 -0.4747474747474747
1.55 	 1.32 	 152.26 	 459.7 	 272.108046575795 	 1.2665564621529627e-05 	 -0.4747474747474747
1.57 	 1.34 	 134.03 	 413.01 	 242.65933258363864 	 1.1998740399785709e-05 	 -0.4747474747474747
1.6 	 1.36 	 117.87 	 371.09 	 216.35336224540208 	 1.1371181787941817e-05 	 -0.4747474747474747
1.36 	 1.16 	 371.09 	 990.99 	 614.7777849644485 	 2.1220179514635128e-05 	 -0.4545454545454545
1.39 	 1.18 	 326.59 	 886.0 	 546.2286753683984 	 2.0144631259026265e-05 	 -0.4545454545454545
1.41 	 1.2 	 287.71 	 793.45 	 486.0330415284906 	 1.9118255823380684e-05 	 -0.4545454545454545
1.44 	 1.23 	 253.17 	 710.62 	 432.33057012460404 	 1.8152916310816003e-05 	 -0.4545454545454545
1.47 	 1.25 	 223.05 	 636.57 	 384.81619480694707 	 1.7235797555543127e-05 	 -0.4545454545454545
1.49 	 1.27 	 196.34 	 571.05 	 342.7491948162318 	 1.636674436681887e-05 	 -0.4545454545454545
1.52 	 1.29 	 172.96 	 512.28 	 305.38803510727365 	 1.554305155661273e-05 	 -0.4545454545454545
1.55 	 1.32 	 152.26 	 459.7 	 272.108046575795 	 1.476499795638463e-05 	 -0.4545454545454545
1.57 	 1.34 	 134.03 	 413.01 	 242.65933258363864 	 1.4025587597167682e-05 	 -0.4545454545454545
1.6 	 1.36 	 117.87 	 371.09 	 216.35336224540208 	 1.3328082418656823e-05 	 -0.4545454545454545
1.36 	 1.16 	 371.09 	 990.99 	 614.7777849644485 	 2.4273073438826163e-05 	 -0.43434343434343425
1.39 	 1.18 	 326.59 	 886.0 	 546.2286753683984 	 2.3105259427112682e-05 	 -0.43434343434343425
1.41 	 1.2 	 287.71 	 793.45 	 486.0330415284906 	 2.1987493975288054e-05 	 -0.43434343434343425
1.44 	 1.23 	 253.17 	 710.62 	 432.33057012460404 	 2.0933889546079024e-05 	 -0.43434343434343425
1.47 	 1.25 	 223.05 	 636.57 	 384.81619480694707 	 1.9930173491763803e-05 	 -0.43434343434343425
1.49 	 1.27 	 196.34 	 571.05 	 342.7491948162318 	 1.8976594340363914e-05 	 -0.43434343434343425
1.52 	 1.29 	 172.96 	 512.28 	 305.38803510727365 	 1.807043654569705e-05 	 -0.43434343434343425
1.55 	 1.32 	 152.26 	 459.7 	 272.108046575795 	 1.7212431594361382e-05 	 -0.43434343434343425
1.57 	 1.34 	 134.03 	 413.01 	 242.65933258363864 	 1.6394813196336603e-05 	 -0.43434343434343425
1.6 	 1.36 	 117.87 	 371.09 	 216.35336224540208 	 1.562175192264356e-05 	 -0.43434343434343425
1.36 	 1.16 	 371.09 	 990.99 	 614.7777849644485 	 2.7765179543382334e-05 	 -0.41414141414141414
1.39 	 1.18 	 326.59 	 886.0 	 546.2286753683984 	 2.6501006959607325e-05 	 -0.41414141414141414
1.41 	 1.2 	 287.71 	 793.45 	 486.0330415284906 	 2.528734293439526e-05 	 -0.41414141414141414
1.44 	 1.23 	 253.17 	 710.62 	 432.33057012460404 	 2.414089967826979e-05 	 -0.41414141414141414
1.47 	 1.25 	 223.05 	 636.57 	 384.81619480694707 	 2.3045746164734865e-05 	 -0.41414141414141414
1.49 	 1.27 	 196.34 	 571.05 	 342.7491948162318 	 2.2002612412570122e-05 	 -0.41414141414141414
1.52 	 1.29 	 172.96 	 512.28 	 305.38803510727365 	 2.100878812392131e-05 	 -0.41414141414141414
1.55 	 1.32 	 152.26 	 459.7 	 272.108046575795 	 2.0065549772897747e-05 	 -0.41414141414141414
1.57 	 1.34 	 134.03 	 413.01 	 242.65933258363864 	 1.9164252326729804e-05 	 -0.41414141414141414
1.6 	 1.36 	 117.87 	 371.09 	 216.35336224540208 	 1.8310145860968536e-05 	 -0.41414141414141414
1.36 	 1.16 	 371.09 	 990.99 	 614.7777849644485 	 3.175968618144376e-05 	 -0.3939393939393939
1.39 	 1.18 	 326.59 	 886.0 	 546.2286753683984 	 3.039582273848195e-05 	 -0.3939393939393939
1.41 	 1.2 	 287.71 	 793.45 	 486.0330415284906 	 2.908242810210185e-05 	 -0.3939393939393939
1.44 	 1.23 	 253.17 	 710.62 	 432.33057012460404 	 2.783921430336603e-05 	 -0.3939393939393939
1.47 	 1.25 	 223.05 	 636.57 	 384.81619480694707 	 2.664835890710505e-05 	 -0.3939393939393939
1.49 	 1.27 	 196.34 	 571.05 	 342.7491948162318 	 2.5511160975183755e-05 	 -0.3939393939393939
1.52 	 1.29 	 172.96 	 512.28 	 305.38803510727365 	 2.442493170099515e-05 	 -0.3939393939393939
1.55 	 1.32 	 152.26 	 459.7 	 272.108046575795 	 2.3391598420093826e-05 	 -0.3939393939393939
1.57 	 1.34 	 134.03 	 413.01 	 242.65933258363864 	 2.240150972410191e-05 	 -0.3939393939393939
1.6 	 1.36 	 117.87 	 371.09 	 216.35336224540208 	 2.1461193540270392e-05 	 -0.3939393939393939
1.36 	 1.16 	 371.09 	 990.99 	 614.7777849644485 	 3.6328872455795165e-05 	 -0.3737373737373737
1.39 	 1.18 	 326.59 	 886.0 	 546.2286753683984 	 3.4863054123091555e-05 	 -0.3737373737373737
1.41 	 1.2 	 287.71 	 793.45 	 486.0330415284906 	 3.344707375971482e-05 	 -0.3737373737373737
1.44 	 1.23 	 253.17 	 710.62 	 432.33057012460404 	 3.21040998205368e-05 	 -0.3737373737373737
1.47 	 1.25 	 223.05 	 636.57 	 384.81619480694707 	 3.081414797185212e-05 	 -0.3737373737373737
1.49 	 1.27 	 196.34 	 571.05 	 342.7491948162318 	 2.9579184603093973e-05 	 -0.3737373737373737
1.52 	 1.29 	 172.96 	 512.28 	 305.38803510727365 	 2.8396558862859626e-05 	 -0.3737373737373737
1.55 	 1.32 	 152.26 	 459.7 	 272.108046575795 	 2.7268970092510937e-05 	 -0.3737373737373737
1.57 	 1.34 	 134.03 	 413.01 	 242.65933258363864 	 2.618561002868325e-05 	 -0.3737373737373737
1.6 	 1.36 	 117.87 	 371.09 	 216.35336224540208 	 2.5154514424418712e-05 	 -0.3737373737373737
1.36 	 1.16 	 371.09 	 990.99 	 614.7777849644485 	 4.155541608218236e-05 	 -0.3535353535353535
1.39 	 1.18 	 326.59 	 886.0 	 546.2286753683984 	 3.998682823119778e-05 	 -0.3535353535353535
1.41 	 1.2 	 287.71 	 793.45 	 486.0330415284906 	 3.846675866128772e-05 	 -0.3535353535353535
1.44 	 1.23 	 253.17 	 710.62 	 432.33057012460404 	 3.702235321929947e-05 	 -0.3535353535353535
1.47 	 1.25 	 223.05 	 636.57 	 384.81619480694707 	 3.563115156701221e-05 	 -0.3535353535353535
1.49 	 1.27 	 196.34 	 571.05 	 342.7491948162318 	 3.429589749502216e-05 	 -0.3535353535353535
1.52 	 1.29 	 172.96 	 512.28 	 305.38803510727365 	 3.301399427123069e-05 	 -0.3535353535353535
1.55 	 1.32 	 152.26 	 459.7 	 272.108046575795 	 3.1789051630926134e-05 	 -0.3535353535353535
1.57 	 1.34 	 134.03 	 413.01 	 242.65933258363864 	 3.060892685444954e-05 	 -0.3535353535353535
1.6 	 1.36 	 117.87 	 371.09 	 216.35336224540208 	 2.948342992858149e-05 	 -0.3535353535353535
1.36 	 1.16 	 371.09 	 990.99 	 614.7777849644485 	 4.7533889411638834e-05 	 -0.33333333333333326
1.39 	 1.18 	 326.59 	 886.0 	 546.2286753683984 	 4.586363622492414e-05 	 -0.33333333333333326
1.41 	 1.2 	 287.71 	 793.45 	 486.0330415284906 	 4.4239790079572276e-05 	 -0.33333333333333326
1.44 	 1.23 	 253.17 	 710.62 	 432.33057012460404 	 4.269406853195046e-05 	 -0.33333333333333326
1.47 	 1.25 	 223.05 	 636.57 	 384.81619480694707 	 4.120117042181792e-05 	 -0.33333333333333326
1.49 	 1.27 	 196.34 	 571.05 	 342.7491948162318 	 3.976473999442292e-05 	 -0.33333333333333326
1.52 	 1.29 	 172.96 	 512.28 	 305.38803510727365 	 3.838224987064823e-05 	 -0.33333333333333326
1.55 	 1.32 	 152.26 	 459.7 	 272.108046575795 	 3.705837808195118e-05 	 -0.33333333333333326
1.57 	 1.34 	 134.03 	 413.01 	 242.65933258363864 	 3.577943771998337e-05 	 -0.33333333333333326
1.6 	 1.36 	 117.87 	 371.09 	 216.35336224540208 	 3.455732142894118e-05 	 -0.33333333333333326
1.36 	 1.16 	 371.09 	 990.99 	 614.7777849644485 	 5.437247068178678e-05 	 -0.31313131313131304
1.39 	 1.18 	 326.59 	 886.0 	 546.2286753683984 	 5.260415043699429e-05 	 -0.31313131313131304
1.41 	 1.2 	 287.71 	 793.45 	 486.0330415284906 	 5.087922909018785e-05 	 -0.31313131313131304
1.44 	 1.23 	 253.17 	 710.62 	 432.33057012460404 	 4.923467390129808e-05 	 -0.31313131313131304
1.47 	 1.25 	 223.05 	 636.57 	 384.81619480694707 	 4.764191920474692e-05 	 -0.31313131313131304
1.49 	 1.27 	 196.34 	 571.05 	 342.7491948162318 	 4.610564709827353e-05 	 -0.31313131313131304
1.52 	 1.29 	 172.96 	 512.28 	 305.38803510727365 	 4.462341312080073e-05 	 -0.31313131313131304
1.55 	 1.32 	 152.26 	 459.7 	 272.108046575795 	 4.320114365188524e-05 	 -0.31313131313131304
1.57 	 1.34 	 134.03 	 413.01 	 242.65933258363864 	 4.1823359886008915e-05 	 -0.31313131313131304
1.6 	 1.36 	 117.87 	 371.09 	 216.35336224540208 	 4.050439406934405e-05 	 -0.31313131313131304
1.36 	 1.16 	 371.09 	 990.99 	 614.7777849644485 	 6.21949014615641e-05 	 -0.2929292929292928
1.39 	 1.18 	 326.59 	 886.0 	 546.2286753683984 	 6.0335308557460355e-05 	 -0.2929292929292928
1.41 	 1.2 	 287.71 	 793.45 	 486.0330415284906 	 5.851510479944936e-05 	 -0.2929292929292928
1.44 	 1.23 	 253.17 	 710.62 	 432.33057012460404 	 5.67772807211638e-05 	 -0.2929292929292928
1.47 	 1.25 	 223.05 	 636.57 	 384.81619480694707 	 5.5089514260733106e-05 	 -0.2929292929292928
1.49 	 1.27 	 196.34 	 571.05 	 342.7491948162318 	 5.34576787035116e-05 	 -0.2929292929292928
1.52 	 1.29 	 172.96 	 512.28 	 305.38803510727365 	 5.187942356845559e-05 	 -0.2929292929292928
1.55 	 1.32 	 152.26 	 459.7 	 272.108046575795 	 5.036212887416694e-05 	 -0.2929292929292928
1.57 	 1.34 	 134.03 	 413.01 	 242.65933258363864 	 4.888823144299085e-05 	 -0.2929292929292928
1.6 	 1.36 	 117.87 	 371.09 	 216.35336224540208 	 4.7474916199689514e-05 	 -0.2929292929292928
1.36 	 1.16 	 371.09 	 990.99 	 614.7777849644485 	 7.114272570860766e-05 	 -0.2727272727272727
1.39 	 1.18 	 326.59 	 886.0 	 546.2286753683984 	 6.920270413043037e-05 	 -0.2727272727272727
1.41 	 1.2 	 287.71 	 793.45 	 486.0330415284906 	 6.729696088007101e-05 	 -0.2727272727272727
1.44 	 1.23 	 253.17 	 710.62 	 432.33057012460404 	 6.547539265827953e-05 	 -0.2727272727272727
1.47 	 1.25 	 223.05 	 636.57 	 384.81619480694707 	 6.370135024243785e-05 	 -0.2727272727272727
1.49 	 1.27 	 196.34 	 571.05 	 342.7491948162318 	 6.198206927400197e-05 	 -0.2727272727272727
1.52 	 1.29 	 172.96 	 512.28 	 305.38803510727365 	 6.03153009051343e-05 	 -0.2727272727272727
1.55 	 1.32 	 152.26 	 459.7 	 272.108046575795 	 5.871011298163888e-05 	 -0.2727272727272727
1.57 	 1.34 	 134.03 	 413.01 	 242.65933258363864 	 5.714651286117689e-05 	 -0.2727272727272727
1.6 	 1.36 	 117.87 	 371.09 	 216.35336224540208 	 5.56450162989449e-05 	 -0.2727272727272727
1.36 	 1.16 	 371.09 	 990.99 	 614.7777849644485 	 8.137785095419786e-05 	 -0.2525252525252525
1.39 	 1.18 	 326.59 	 886.0 	 546.2286753683984 	 7.937332837873952e-05 	 -0.2525252525252525
1.41 	 1.2 	 287.71 	 793.45 	 486.0330415284906 	 7.739678428699378e-05 	 -0.2525252525252525
1.44 	 1.23 	 253.17 	 710.62 	 432.33057012460404 	 7.550602968834855e-05 	 -0.2525252525252525
1.47 	 1.25 	 223.05 	 636.57 	 384.81619480694707 	 7.36594264292164e-05 	 -0.2525252525252525
1.49 	 1.27 	 196.34 	 571.05 	 342.7491948162318 	 7.186576380905995e-05 	 -0.2525252525252525
1.52 	 1.29 	 172.96 	 512.28 	 305.38803510727365 	 7.012289792458064e-05 	 -0.2525252525252525
1.55 	 1.32 	 152.26 	 459.7 	 272.108046575795 	 6.844185191076925e-05 	 -0.2525252525252525
1.57 	 1.34 	 134.03 	 413.01 	 242.65933258363864 	 6.67997969204686e-05 	 -0.2525252525252525
1.6 	 1.36 	 117.87 	 371.09 	 216.35336224540208 	 6.522113332198139e-05 	 -0.2525252525252525
1.36 	 1.16 	 371.09 	 990.99 	 614.7777849644485 	 9.308547795944762e-05 	 -0.23232323232323226
1.39 	 1.18 	 326.59 	 886.0 	 546.2286753683984 	 9.103871499074667e-05 	 -0.23232323232323226
1.41 	 1.2 	 287.71 	 793.45 	 486.0330415284906 	 8.901237351033722e-05 	 -0.23232323232323226
1.44 	 1.23 	 253.17 	 710.62 	 432.33057012460404 	 8.70733307252161e-05 	 -0.23232323232323226
1.47 	 1.25 	 223.05 	 636.57 	 384.81619480694707 	 8.51741930309437e-05 	 -0.23232323232323226
1.49 	 1.27 	 196.34 	 571.05 	 342.7491948162318 	 8.332551765944171e-05 	 -0.23232323232323226
1.52 	 1.29 	 172.96 	 512.28 	 305.38803510727365 	 8.15252637315879e-05 	 -0.23232323232323226
1.55 	 1.32 	 152.26 	 459.7 	 272.108046575795 	 7.97867156965043e-05 	 -0.23232323232323226
1.57 	 1.34 	 134.03 	 413.01 	 242.65933258363864 	 7.808372978865155e-05 	 -0.23232323232323226
1.6 	 1.36 	 117.87 	 371.09 	 216.35336224540208 	 7.644523291988572e-05 	 -0.23232323232323226
1.36 	 1.16 	 371.09 	 990.99 	 614.7777849644485 	 0.00010647745185376953 	 -0.21212121212121204
1.39 	 1.18 	 326.59 	 886.0 	 546.2286753683984 	 0.00010441854709202792 	 -0.21212121212121204
1.41 	 1.2 	 287.71 	 793.45 	 486.0330415284906 	 0.00010237121233052636 	 -0.21212121212121204
1.44 	 1.23 	 253.17 	 710.62 	 432.33057012460404 	 0.00010041270816220413 	 -0.21212121212121204
1.47 	 1.25 	 223.05 	 636.57 	 384.81619480694707 	 9.848899876302816e-05 	 -0.21212121212121204
1.49 	 1.27 	 196.34 	 571.05 	 342.7491948162318 	 9.66126501022261e-05 	 -0.21212121212121204
1.52 	 1.29 	 172.96 	 512.28 	 305.38803510727365 	 9.478171643238919e-05 	 -0.21212121212121204
1.55 	 1.32 	 152.26 	 459.7 	 272.108046575795 	 9.301209455779093e-05 	 -0.21212121212121204
1.57 	 1.34 	 134.03 	 413.01 	 242.65933258363864 	 9.127376337635118e-05 	 -0.21212121212121204
1.6 	 1.36 	 117.87 	 371.09 	 216.35336224540208 	 8.960092133520187e-05 	 -0.21212121212121204
1.36 	 1.16 	 371.09 	 990.99 	 614.7777849644485 	 0.00012179609539321397 	 -0.19191919191919182
1.39 	 1.18 	 326.59 	 886.0 	 546.2286753683984 	 0.00011976479432863565 	 -0.19191919191919182
1.41 	 1.2 	 287.71 	 793.45 	 486.0330415284906 	 0.00011773492494057199 	 -0.19191919191919182
1.44 	 1.23 	 253.17 	 710.62 	 432.33057012460404 	 0.00011579563887692285 	 -0.19191919191919182
1.47 	 1.25 	 223.05 	 636.57 	 384.81619480694707 	 0.0001138852336859794 	 -0.19191919191919182
1.49 	 1.27 	 196.34 	 571.05 	 342.7491948162318 	 0.00011201855592333692 	 -0.19191919191919182
1.52 	 1.29 	 172.96 	 512.28 	 305.38803510727365 	 0.0001101937406721819 	 -0.19191919191919182
1.55 	 1.32 	 152.26 	 459.7 	 272.108046575795 	 0.00010842970109128698 	 -0.19191919191919182
1.57 	 1.34 	 134.03 	 413.01 	 242.65933258363864 	 0.00010669187938935933 	 -0.19191919191919182
1.6 	 1.36 	 117.87 	 371.09 	 216.35336224540208 	 0.00010502061145566372 	 -0.19191919191919182
1.36 	 1.16 	 371.09 	 990.99 	 614.7777849644485 	 0.0001393185937000588 	 -0.1717171717171716
1.39 	 1.18 	 326.59 	 886.0 	 546.2286753683984 	 0.00013736645797167465 	 -0.1717171717171716
1.41 	 1.2 	 287.71 	 793.45 	 486.0330415284906 	 0.00013540439968618713 	 -0.1717171717171716
1.44 	 1.23 	 253.17 	 710.62 	 432.33057012460404 	 0.00013353518920388786 	 -0.1717171717171716
1.47 	 1.25 	 223.05 	 636.57 	 384.81619480694707 	 0.00013168827599635335 	 -0.1717171717171716
1.49 	 1.27 	 196.34 	 571.05 	 342.7491948162318 	 0.00012988109588001713 	 -0.1717171717171716
1.52 	 1.29 	 172.96 	 512.28 	 305.38803510727365 	 0.00012811184414443264 	 -0.1717171717171716
1.55 	 1.32 	 152.26 	 459.7 	 272.108046575795 	 0.00012640291711139677 	 -0.1717171717171716
1.57 	 1.34 	 134.03 	 413.01 	 242.65933258363864 	 0.0001247144492190726 	 -0.1717171717171716
1.6 	 1.36 	 117.87 	 371.09 	 216.35336224540208 	 0.0001230939220955127 	 -0.1717171717171716
1.36 	 1.16 	 371.09 	 990.99 	 614.7777849644485 	 0.000159362009823867 	 -0.1515151515151515
1.39 	 1.18 	 326.59 	 886.0 	 546.2286753683984 	 0.00015755501340323485 	 -0.1515151515151515
1.41 	 1.2 	 287.71 	 793.45 	 486.0330415284906 	 0.0001557256817688651 	 -0.1515151515151515
1.44 	 1.23 	 253.17 	 710.62 	 432.33057012460404 	 0.0001539923863166478 	 -0.1515151515151515
1.47 	 1.25 	 223.05 	 636.57 	 384.81619480694707 	 0.00015227436844629933 	 -0.1515151515151515
1.49 	 1.27 	 196.34 	 571.05 	 342.7491948162318 	 0.00015059200618993006 	 -0.1515151515151515
1.52 	 1.29 	 172.96 	 512.28 	 305.38803510727365 	 0.00014894352900600574 	 -0.1515151515151515
1.55 	 1.32 	 152.26 	 459.7 	 272.108046575795 	 0.00014735535829633046 	 -0.1515151515151515
1.57 	 1.34 	 134.03 	 413.01 	 242.65933258363864 	 0.00014578142153870278 	 -0.1515151515151515
1.6 	 1.36 	 117.87 	 371.09 	 216.35336224540208 	 0.00014427752273421925 	 -0.1515151515151515
1.36 	 1.16 	 371.09 	 990.99 	 614.7777849644485 	 0.00018228902187871884 	 -0.13131313131313127
1.39 	 1.18 	 326.59 	 886.0 	 546.2286753683984 	 0.00018071065247683834 	 -0.13131313131313127
1.41 	 1.2 	 287.71 	 793.45 	 486.0330415284906 	 0.00017909675031668623 	 -0.13131313131313127
1.44 	 1.23 	 253.17 	 710.62 	 432.33057012460404 	 0.0001775835656868585 	 -0.13131313131313127
1.47 	 1.25 	 223.05 	 636.57 	 384.81619480694707 	 0.00017607856971535871 	 -0.13131313131313127
1.49 	 1.27 	 196.34 	 571.05 	 342.7491948162318 	 0.0001746054895414311 	 -0.13131313131313127
1.52 	 1.29 	 172.96 	 512.28 	 305.38803510727365 	 0.00017316255948788458 	 -0.13131313131313127
1.55 	 1.32 	 152.26 	 459.7 	 272.108046575795 	 0.0001717808585026888 	 -0.13131313131313127
1.57 	 1.34 	 134.03 	 413.01 	 242.65933258363864 	 0.0001704070618835312 	 -0.13131313131313127
1.6 	 1.36 	 117.87 	 371.09 	 216.35336224540208 	 0.0001691066724656912 	 -0.13131313131313127
1.36 	 1.16 	 371.09 	 990.99 	 614.7777849644485 	 0.0002085144855679612 	 -0.11111111111111105
1.39 	 1.18 	 326.59 	 886.0 	 546.2286753683984 	 0.00020726944330883593 	 -0.11111111111111105
1.41 	 1.2 	 287.71 	 793.45 	 486.0330415284906 	 0.00020597531254739024 	 -0.11111111111111105
1.44 	 1.23 	 253.17 	 710.62 	 432.33057012460404 	 0.00020478884415241685 	 -0.11111111111111105
1.47 	 1.25 	 223.05 	 636.57 	 384.81619480694707 	 0.0002036039487757926 	 -0.11111111111111105
1.49 	 1.27 	 196.34 	 571.05 	 342.7491948162318 	 0.00020244817603101614 	 -0.11111111111111105
1.52 	 1.29 	 172.96 	 512.28 	 305.38803510727365 	 0.00020131973646996166 	 -0.11111111111111105
1.55 	 1.32 	 152.26 	 459.7 	 272.108046575795 	 0.00020025510907163008 	 -0.11111111111111105
1.57 	 1.34 	 134.03 	 413.01 	 242.65933258363864 	 0.00019919250637893027 	 -0.11111111111111105
1.6 	 1.36 	 117.87 	 371.09 	 216.35336224540208 	 0.00019820874471970668 	 -0.11111111111111105
1.36 	 1.16 	 371.09 	 990.99 	 614.7777849644485 	 0.0002385129408429138 	 -0.09090909090909083
1.39 	 1.18 	 326.59 	 886.0 	 546.2286753683984 	 0.00023773154233429052 	 -0.09090909090909083
1.41 	 1.2 	 287.71 	 793.45 	 486.0330415284906 	 0.00023688776766734204 	 -0.09090909090909083
1.44 	 1.23 	 253.17 	 710.62 	 432.33057012460404 	 0.00023616189103464115 	 -0.09090909090909083
1.47 	 1.25 	 223.05 	 636.57 	 384.81619480694707 	 0.00023543221656167058 	 -0.09090909090909083
1.49 	 1.27 	 196.34 	 571.05 	 342.7491948162318 	 0.00023473067247728262 	 -0.09090909090909083
1.52 	 1.29 	 172.96 	 512.28 	 305.38803510727365 	 0.00023405542406047895 	 -0.09090909090909083
1.55 	 1.32 	 152.26 	 459.7 	 272.108046575795 	 0.0002334492274566366 	 -0.09090909090909083
1.57 	 1.34 	 134.03 	 413.01 	 242.65933258363864 	 0.00023284043606501973 	 -0.09090909090909083
1.6 	 1.36 	 117.87 	 371.09 	 216.35336224540208 	 0.0002323190794930488 	 -0.09090909090909083
1.36 	 1.16 	 371.09 	 990.99 	 614.7777849644485 	 0.00027282719852570456 	 -0.07070707070707061
1.39 	 1.18 	 326.59 	 886.0 	 546.2286753683984 	 0.00027267061327718243 	 -0.07070707070707061
1.41 	 1.2 	 287.71 	 793.45 	 486.0330415284906 	 0.0002724395160585354 	 -0.07070707070707061
1.44 	 1.23 	 253.17 	 710.62 	 432.33057012460404 	 0.00027234119616178083 	 -0.07070707070707061
1.47 	 1.25 	 223.05 	 636.57 	 384.81619480694707 	 0.00027223601962739273 	 -0.07070707070707061
1.49 	 1.27 	 196.34 	 571.05 	 342.7491948162318 	 0.0002721609533947885 	 -0.07070707070707061
1.52 	 1.29 	 172.96 	 512.28 	 305.38803510727365 	 0.0002721141130656337 	 -0.07070707070707061
1.55 	 1.32 	 152.26 	 459.7 	 272.108046575795 	 0.00027214557497560066 	 -0.07070707070707061
1.57 	 1.34 	 134.03 	 413.01 	 242.65933258363864 	 0.000272172230032661 	 -0.07070707070707061
1.6 	 1.36 	 117.87 	 371.09 	 216.35336224540208 	 0.0002722995636384322 	 -0.07070707070707061
1.36 	 1.16 	 371.09 	 990.99 	 614.7777849644485 	 0.00031207816226796456 	 -0.050505050505050386
1.39 	 1.18 	 326.59 	 886.0 	 546.2286753683984 	 0.00031274463041344085 	 -0.050505050505050386
1.41 	 1.2 	 287.71 	 793.45 	 486.0330415284906 	 0.0003133268156523797 	 -0.050505050505050386
1.44 	 1.23 	 253.17 	 710.62 	 432.33057012460404 	 0.0003140630641204942 	 -0.050505050505050386
1.47 	 1.25 	 223.05 	 636.57 	 384.81619480694707 	 0.00031479315560516206 	 -0.050505050505050386
1.49 	 1.27 	 196.34 	 571.05 	 342.7491948162318 	 0.0003155598872998965 	 -0.050505050505050386
1.52 	 1.29 	 172.96 	 512.28 	 305.38803510727365 	 0.0003163613525587991 	 -0.050505050505050386
1.55 	 1.32 	 152.26 	 459.7 	 272.108046575795 	 0.00031725619650019017 	 -0.050505050505050386
1.57 	 1.34 	 134.03 	 413.01 	 242.65933258363864 	 0.0003181480160957345 	 -0.050505050505050386
1.6 	 1.36 	 117.87 	 371.09 	 216.35336224540208 	 0.00031916040869083706 	 -0.050505050505050386
1.36 	 1.16 	 371.09 	 990.99 	 614.7777849644485 	 0.0003569760635700468 	 -0.030303030303030276
1.39 	 1.18 	 326.59 	 886.0 	 546.2286753683984 	 0.0003587082695743665 	 -0.030303030303030276
1.41 	 1.2 	 287.71 	 793.45 	 486.0330415284906 	 0.00036035041768965327 	 -0.030303030303030276
1.44 	 1.23 	 253.17 	 710.62 	 432.33057012460404 	 0.000362176599188322 	 -0.030303030303030276
1.47 	 1.25 	 223.05 	 636.57 	 384.81619480694707 	 0.0003640030108855027 	 -0.030303030303030276
1.49 	 1.27 	 196.34 	 571.05 	 342.7491948162318 	 0.0003658792388498085 	 -0.030303030303030276
1.52 	 1.29 	 172.96 	 512.28 	 305.38803510727365 	 0.0003678034346152876 	 -0.030303030303030276
1.55 	 1.32 	 152.26 	 459.7 	 272.108046575795 	 0.0003698443166926055 	 -0.030303030303030276
1.57 	 1.34 	 134.03 	 413.01 	 242.65933258363864 	 0.00037189010845634513 	 -0.030303030303030276
1.6 	 1.36 	 117.87 	 371.09 	 216.35336224540208 	 0.0003740856765050107 	 -0.030303030303030276
1.36 	 1.16 	 371.09 	 990.99 	 614.7777849644485 	 0.00040833331315424617 	 -0.010101010101010055
1.39 	 1.18 	 326.59 	 886.0 	 546.2286753683984 	 0.0004114271202384382 	 -0.010101010101010055
1.41 	 1.2 	 287.71 	 793.45 	 486.0330415284906 	 0.00041443124891414433 	 -0.010101010101010055
1.44 	 1.23 	 253.17 	 710.62 	 432.33057012460404 	 0.00041766098591362096 	 -0.010101010101010055
1.47 	 1.25 	 223.05 	 636.57 	 384.81619480694707 	 0.00042090556790853716 	 -0.010101010101010055
1.49 	 1.27 	 196.34 	 571.05 	 342.7491948162318 	 0.0004242225416124969 	 -0.010101010101010055
1.52 	 1.29 	 172.96 	 512.28 	 305.38803510727365 	 0.0004276102798923863 	 -0.010101010101010055
1.55 	 1.32 	 152.26 	 459.7 	 272.108046575795 	 0.00043114939944045595 	 -0.010101010101010055
1.57 	 1.34 	 134.03 	 413.01 	 242.65933258363864 	 0.0004347104044994442 	 -0.010101010101010055
1.6 	 1.36 	 117.87 	 371.09 	 216.35336224540208 	 0.00043846319767615116 	 -0.010101010101010055
1.36 	 1.16 	 371.09 	 990.99 	 614.7777849644485 	 0.00046707920123279135 	 0.010101010101010166
1.39 	 1.18 	 326.59 	 886.0 	 546.2286753683984 	 0.00047189398635428176 	 0.010101010101010166
1.41 	 1.2 	 287.71 	 793.45 	 486.0330415284906 	 0.0004766284473255633 	 0.010101010101010166
1.44 	 1.23 	 253.17 	 710.62 	 432.33057012460404 	 0.0004816454170293699 	 0.010101010101010166
1.47 	 1.25 	 223.05 	 636.57 	 384.81619480694707 	 0.0004867033837589185 	 0.010101010101010166
1.49 	 1.27 	 196.34 	 571.05 	 342.7491948162318 	 0.0004918692992199031 	 0.010101010101010166
1.52 	 1.29 	 172.96 	 512.28 	 305.38803510727365 	 0.0004971420445295789 	 0.010101010101010166
1.55 	 1.32 	 152.26 	 459.7 	 272.108046575795 	 0.0005026163611224761 	 0.010101010101010166
1.57 	 1.34 	 134.03 	 413.01 	 242.65933258363864 	 0.0005081424094995883 	 0.010101010101010166
1.6 	 1.36 	 117.87 	 371.09 	 216.35336224540208 	 0.0005139196387109478 	 0.010101010101010166
1.36 	 1.16 	 371.09 	 990.99 	 614.7777849644485 	 0.0005342767126664797 	 0.030303030303030498
1.39 	 1.18 	 326.59 	 886.0 	 546.2286753683984 	 0.0005412475828727125 	 0.030303030303030498
1.41 	 1.2 	 287.71 	 793.45 	 486.0330415284906 	 0.0005481601047102506 	 0.030303030303030498
1.44 	 1.23 	 253.17 	 710.62 	 432.33057012460404 	 0.0005554320742645881 	 0.030303030303030498
1.47 	 1.25 	 223.05 	 636.57 	 384.81619480694707 	 0.0005627870045517071 	 0.030303030303030498
1.49 	 1.27 	 196.34 	 571.05 	 342.7491948162318 	 0.0005703030456502069 	 0.030303030303030498
1.52 	 1.29 	 172.96 	 512.28 	 305.38803510727365 	 0.0005779800534759089 	 0.030303030303030498
1.55 	 1.32 	 152.26 	 459.7 	 272.108046575795 	 0.0005859296262405857 	 0.030303030303030498
1.57 	 1.34 	 134.03 	 413.01 	 242.65933258363864 	 0.0005939786709944673 	 0.030303030303030498
1.6 	 1.36 	 117.87 	 371.09 	 216.35336224540208 	 0.0006023616040128076 	 0.030303030303030498
1.36 	 1.16 	 371.09 	 990.99 	 614.7777849644485 	 0.0006111417612779353 	 0.05050505050505061
1.39 	 1.18 	 326.59 	 886.0 	 546.2286753683984 	 0.0006207939800818253 	 0.05050505050505061
1.41 	 1.2 	 287.71 	 793.45 	 486.0330415284906 	 0.0006304271221786907 	 0.05050505050505061
1.44 	 1.23 	 253.17 	 710.62 	 432.33057012460404 	 0.0006405226297482882 	 0.05050505050505061
1.47 	 1.25 	 223.05 	 636.57 	 384.81619480694707 	 0.0006507643527072138 	 0.05050505050505061
1.49 	 1.27 	 196.34 	 571.05 	 342.7491948162318 	 0.0006612438800179966 	 0.05050505050505061
1.52 	 1.29 	 172.96 	 512.28 	 305.38803510727365 	 0.0006719627637451571 	 0.05050505050505061
1.55 	 1.32 	 152.26 	 459.7 	 272.108046575795 	 0.0006830528280848662 	 0.05050505050505061
1.57 	 1.34 	 134.03 	 413.01 	 242.65933258363864 	 0.0006943145366351063 	 0.05050505050505061
1.6 	 1.36 	 117.87 	 371.09 	 216.35336224540208 	 0.0007060238112304554 	 0.05050505050505061
1.36 	 1.16 	 371.09 	 990.99 	 614.7777849644485 	 0.0006990651913572158 	 0.07070707070707072
1.39 	 1.18 	 326.59 	 886.0 	 546.2286753683984 	 0.0007120311995859139 	 0.07070707070707072
1.41 	 1.2 	 287.71 	 793.45 	 486.0330415284906 	 0.0007250406459050609 	 0.07070707070707072
1.44 	 1.23 	 253.17 	 710.62 	 432.33057012460404 	 0.0007386488073503376 	 0.07070707070707072
1.47 	 1.25 	 223.05 	 636.57 	 384.81619480694707 	 0.0007524947081743234 	 0.07070707070707072
1.49 	 1.27 	 196.34 	 571.05 	 342.7491948162318 	 0.0007666861893798048 	 0.07070707070707072
1.52 	 1.29 	 172.96 	 512.28 	 305.38803510727365 	 0.0007812275754925346 	 0.07070707070707072
1.55 	 1.32 	 152.26 	 459.7 	 272.108046575795 	 0.0007962750901473641 	 0.07070707070707072
1.57 	 1.34 	 134.03 	 413.01 	 242.65933258363864 	 0.0008115993036849518 	 0.07070707070707072
1.6 	 1.36 	 117.87 	 371.09 	 216.35336224540208 	 0.0008275255572461396 	 0.07070707070707072
1.36 	 1.16 	 371.09 	 990.99 	 614.7777849644485 	 0.0007996379444687533 	 0.09090909090909105
1.39 	 1.18 	 326.59 	 886.0 	 546.2286753683984 	 0.0008166774251208605 	 0.09090909090909105
1.41 	 1.2 	 287.71 	 793.45 	 486.0330415284906 	 0.0008338536203799729 	 0.09090909090909105
1.44 	 1.23 	 253.17 	 710.62 	 432.33057012460404 	 0.000851807625929606 	 0.09090909090909105
1.47 	 1.25 	 223.05 	 636.57 	 384.81619480694707 	 0.0008701280017486189 	 0.09090909090909105
1.49 	 1.27 	 196.34 	 571.05 	 342.7491948162318 	 0.0008889423868387703 	 0.09090909090909105
1.52 	 1.29 	 172.96 	 512.28 	 305.38803510727365 	 0.0009082594418005706 	 0.09090909090909105
1.55 	 1.32 	 152.26 	 459.7 	 272.108046575795 	 0.0009282649791041004 	 0.09090909090909105
1.57 	 1.34 	 134.03 	 413.01 	 242.65933258363864 	 0.0009486960087774646 	 0.09090909090909105
1.6 	 1.36 	 117.87 	 371.09 	 216.35336224540208 	 0.0009699369015643707 	 0.09090909090909105
1.36 	 1.16 	 371.09 	 990.99 	 614.7777849644485 	 0.000914679846943593 	 0.11111111111111116
1.39 	 1.18 	 326.59 	 886.0 	 546.2286753683984 	 0.0009367033594734528 	 0.11111111111111116
1.41 	 1.2 	 287.71 	 793.45 	 486.0330415284906 	 0.0009589970771263938 	 0.11111111111111116
1.44 	 1.23 	 253.17 	 710.62 	 432.33057012460404 	 0.0009823020417437601 	 0.11111111111111116
1.47 	 1.25 	 223.05 	 636.57 	 384.81619480694707 	 0.0010061502508953823 	 0.11111111111111116
1.49 	 1.27 	 196.34 	 571.05 	 342.7491948162318 	 0.0010306936241512845 	 0.11111111111111116
1.52 	 1.29 	 172.96 	 512.28 	 305.38803510727365 	 0.0010559473826814072 	 0.11111111111111116
1.55 	 1.32 	 152.26 	 459.7 	 272.108046575795 	 0.0010821334009979721 	 0.11111111111111116
1.57 	 1.34 	 134.03 	 413.01 	 242.65933258363864 	 0.0011089513174590664 	 0.11111111111111116
1.6 	 1.36 	 117.87 	 371.09 	 216.35336224540208 	 0.0011368562393976487 	 0.11111111111111116
1.36 	 1.16 	 371.09 	 990.99 	 614.7777849644485 	 0.0010462725389558472 	 0.1313131313131315
1.39 	 1.18 	 326.59 	 886.0 	 546.2286753683984 	 0.001074369336851701 	 0.1313131313131315
1.41 	 1.2 	 287.71 	 793.45 	 486.0330415284906 	 0.0011029218695697309 	 0.1313131313131315
1.44 	 1.23 	 253.17 	 710.62 	 432.33057012460404 	 0.0011327878171563852 	 0.1313131313131315
1.47 	 1.25 	 223.05 	 636.57 	 384.81619480694707 	 0.0011634360983009814 	 0.1313131313131315
1.49 	 1.27 	 196.34 	 571.05 	 342.7491948162318 	 0.0011950485909935442 	 0.1313131313131315
1.52 	 1.29 	 172.96 	 512.28 	 305.38803510727365 	 0.0012276501885642313 	 0.1313131313131315
1.55 	 1.32 	 152.26 	 459.7 	 272.108046575795 	 0.0012615069230400384 	 0.1313131313131315
1.57 	 1.34 	 134.03 	 413.01 	 242.65933258363864 	 0.0012962772195900208 	 0.1313131313131315
1.6 	 1.36 	 117.87 	 371.09 	 216.35336224540208 	 0.0013325012245361944 	 0.1313131313131315
1.36 	 1.16 	 371.09 	 990.99 	 614.7777849644485 	 0.0011967971410226316 	 0.1515151515151516
1.39 	 1.18 	 326.59 	 886.0 	 546.2286753683984 	 0.001232267889608093 	 0.1515151515151516
1.41 	 1.2 	 287.71 	 793.45 	 486.0330415284906 	 0.001268446671412394 	 0.1515151515151516
1.44 	 1.23 	 253.17 	 710.62 	 432.33057012460404 	 0.001306327569491767 	 0.1515151515151516
1.47 	 1.25 	 223.05 	 636.57 	 384.81619480694707 	 0.001345309563482434 	 0.1515151515151516
1.49 	 1.27 	 196.34 	 571.05 	 342.7491948162318 	 0.00138561169039116 	 0.1515151515151516
1.52 	 1.29 	 172.96 	 512.28 	 305.38803510727365 	 0.0014272728075282438 	 0.1515151515151516
1.55 	 1.32 	 152.26 	 459.7 	 272.108046575795 	 0.001470613249170861 	 0.1515151515151516
1.57 	 1.34 	 134.03 	 413.01 	 242.65933258363864 	 0.0015152465248683522 	 0.1515151515151516
1.6 	 1.36 	 117.87 	 371.09 	 216.35336224540208 	 0.0015618153394058127 	 0.1515151515151516
1.36 	 1.16 	 371.09 	 990.99 	 614.7777849644485 	 0.001368977339488781 	 0.1717171717171717
1.39 	 1.18 	 326.59 	 886.0 	 546.2286753683984 	 0.0014133725709344074 	 0.1717171717171717
1.41 	 1.2 	 287.71 	 793.45 	 486.0330415284906 	 0.001458813178529921 	 0.1717171717171717
1.44 	 1.23 	 253.17 	 710.62 	 432.33057012460404 	 0.0015064531000148287 	 0.1717171717171717
1.47 	 1.25 	 223.05 	 636.57 	 384.81619480694707 	 0.0015556142913567118 	 0.1717171717171717
1.49 	 1.27 	 196.34 	 571.05 	 342.7491948162318 	 0.0016065620854399394 	 0.1717171717171717
1.52 	 1.29 	 172.96 	 512.28 	 305.38803510727365 	 0.001659355153516496 	 0.1717171717171717
1.55 	 1.32 	 152.26 	 459.7 	 272.108046575795 	 0.0017143808639790048 	 0.1717171717171717
1.57 	 1.34 	 134.03 	 413.01 	 242.65933258363864 	 0.0017712044896166428 	 0.1717171717171717
1.6 	 1.36 	 117.87 	 371.09 	 216.35336224540208 	 0.0018305928050852864 	 0.1717171717171717
1.36 	 1.16 	 371.09 	 990.99 	 614.7777849644485 	 0.001565928670611976 	 0.19191919191919204
1.39 	 1.18 	 326.59 	 886.0 	 546.2286753683984 	 0.001621093952959414 	 0.19191919191919204
1.41 	 1.2 	 287.71 	 793.45 	 486.0330415284906 	 0.001677749595481954 	 0.19191919191919204
1.44 	 1.23 	 253.17 	 710.62 	 432.33057012460404 	 0.001737237271526937 	 0.19191919191919204
1.47 	 1.25 	 223.05 	 636.57 	 384.81619480694707 	 0.001798794782376378 	 0.19191919191919204
1.49 	 1.27 	 196.34 	 571.05 	 342.7491948162318 	 0.0018627453508598061 	 0.19191919191919204
1.52 	 1.29 	 172.96 	 512.28 	 305.38803510727365 	 0.0019291753552498545 	 0.19191919191919204
1.55 	 1.32 	 152.26 	 459.7 	 272.108046575795 	 0.001998555193511608 	 0.19191919191919204
1.57 	 1.34 	 134.03 	 413.01 	 242.65933258363864 	 0.002070399299751382 	 0.19191919191919204
1.6 	 1.36 	 117.87 	 371.09 	 216.35336224540208 	 0.0021456249874616594 	 0.19191919191919204
1.36 	 1.16 	 371.09 	 990.99 	 614.7777849644485 	 0.001791214895025427 	 0.21212121212121215
1.39 	 1.18 	 326.59 	 886.0 	 546.2286753683984 	 0.0018593438548083557 	 0.21212121212121215
1.41 	 1.2 	 287.71 	 793.45 	 486.0330415284906 	 0.0019295436499802093 	 0.21212121212121215
1.44 	 1.23 	 253.17 	 710.62 	 432.33057012460404 	 0.0020033768973973668 	 0.21212121212121215
1.47 	 1.25 	 223.05 	 636.57 	 384.81619480694707 	 0.0020799903209185186 	 0.21212121212121215
1.49 	 1.27 	 196.34 	 571.05 	 342.7491948162318 	 0.0021597797393554463 	 0.21212121212121215
1.52 	 1.29 	 172.96 	 512.28 	 305.38803510727365 	 0.0022428697939777097 	 0.21212121212121215
1.55 	 1.32 	 152.26 	 459.7 	 272.108046575795 	 0.00232983402080317 	 0.21212121212121215
1.57 	 1.34 	 134.03 	 413.01 	 242.65933258363864 	 0.0024201345951526915 	 0.21212121212121215
1.6 	 1.36 	 117.87 	 371.09 	 216.35336224540208 	 0.002514871998857966 	 0.21212121212121215
1.36 	 1.16 	 371.09 	 990.99 	 614.7777849644485 	 0.0020489124826529124 	 0.2323232323232325
1.39 	 1.18 	 326.59 	 886.0 	 546.2286753683984 	 0.002132609010170154 	 0.2323232323232325
1.41 	 1.2 	 287.71 	 793.45 	 486.0330415284906 	 0.002219126565254475 	 0.2323232323232325
1.44 	 1.23 	 253.17 	 710.62 	 432.33057012460404 	 0.0023102883289499287 	 0.2323232323232325
1.47 	 1.25 	 223.05 	 636.57 	 384.81619480694707 	 0.0024051435869739354 	 0.2323232323232325
1.49 	 1.27 	 196.34 	 571.05 	 342.7491948162318 	 0.00250417939326875 	 0.2323232323232325
1.52 	 1.29 	 172.96 	 512.28 	 305.38803510727365 	 0.002607572660021935 	 0.2323232323232325
1.55 	 1.32 	 152.26 	 459.7 	 272.108046575795 	 0.002716025347768483 	 0.2323232323232325
1.57 	 1.34 	 134.03 	 413.01 	 242.65933258363864 	 0.002828947758704431 	 0.2323232323232325
1.6 	 1.36 	 117.87 	 371.09 	 216.35336224540208 	 0.0029476638310975477 	 0.2323232323232325
1.36 	 1.16 	 371.09 	 990.99 	 614.7777849644485 	 0.0023436843749065177 	 0.2525252525252526
1.39 	 1.18 	 326.59 	 886.0 	 546.2286753683984 	 0.0024460355616834997 	 0.2525252525252526
1.41 	 1.2 	 287.71 	 793.45 	 486.0330415284906 	 0.002552169634860876 	 0.2525252525252526
1.44 	 1.23 	 253.17 	 710.62 	 432.33057012460404 	 0.00266421768655525 	 0.2525252525252526
1.47 	 1.25 	 223.05 	 636.57 	 384.81619480694707 	 0.002781126246494904 	 0.2525252525252526
1.49 	 1.27 	 196.34 	 571.05 	 342.7491948162318 	 0.002903497203628409 	 0.2525252525252526
1.52 	 1.29 	 172.96 	 512.28 	 305.38803510727365 	 0.0030315782019762804 	 0.2525252525252526
1.55 	 1.32 	 152.26 	 459.7 	 272.108046575795 	 0.0031662314241500673 	 0.2525252525252526
1.57 	 1.34 	 134.03 	 413.01 	 242.65933258363864 	 0.003306818322215625 	 0.2525252525252526
1.6 	 1.36 	 117.87 	 371.09 	 216.35336224540208 	 0.0034549361021580095 	 0.2525252525252526
1.36 	 1.16 	 371.09 	 990.99 	 614.7777849644485 	 0.002680864358866548 	 0.27272727272727293
1.39 	 1.18 	 326.59 	 886.0 	 546.2286753683984 	 0.0028055259733442443 	 0.27272727272727293
1.41 	 1.2 	 287.71 	 793.45 	 486.0330415284906 	 0.0029351952912874905 	 0.27272727272727293
1.44 	 1.23 	 253.17 	 710.62 	 432.33057012460404 	 0.0030723679778012943 	 0.27272727272727293
1.47 	 1.25 	 223.05 	 636.57 	 384.81619480694707 	 0.003215884174580326 	 0.27272727272727293
1.49 	 1.27 	 196.34 	 571.05 	 342.7491948162318 	 0.003366490449581479 	 0.27272727272727293
1.52 	 1.29 	 172.96 	 512.28 	 305.38803510727365 	 0.0035245293585109325 	 0.27272727272727293
1.55 	 1.32 	 152.26 	 459.7 	 272.108046575795 	 0.0036910632809491434 	 0.27272727272727293
1.57 	 1.34 	 134.03 	 413.01 	 242.65933258363864 	 0.003865411576617056 	 0.27272727272727293
1.6 	 1.36 	 117.87 	 371.09 	 216.35336224540208 	 0.0040495063731708775 	 0.27272727272727293
1.36 	 1.16 	 371.09 	 990.99 	 614.7777849644485 	 0.0030665535801626875 	 0.29292929292929304
1.39 	 1.18 	 326.59 	 886.0 	 546.2286753683984 	 0.0032178501859931683 	 0.29292929292929304
1.41 	 1.2 	 287.71 	 793.45 	 486.0330415284906 	 0.0033757048435637703 	 0.29292929292929304
1.44 	 1.23 	 253.17 	 710.62 	 432.33057012460404 	 0.003543045689792601 	 0.29292929292929304
1.47 	 1.25 	 223.05 	 636.57 	 384.81619480694707 	 0.0037186053805900515 	 0.29292929292929304
1.49 	 1.27 	 196.34 	 571.05 	 342.7491948162318 	 0.003903312850778879 	 0.29292929292929304
1.52 	 1.29 	 172.96 	 512.28 	 305.38803510727365 	 0.004097637062737613 	 0.29292929292929304
1.55 	 1.32 	 152.26 	 459.7 	 272.108046575795 	 0.004302890824737549 	 0.29292929292929304
1.57 	 1.34 	 134.03 	 413.01 	 242.65933258363864 	 0.0045183633331976085 	 0.29292929292929304
1.6 	 1.36 	 117.87 	 371.09 	 216.35336224540208 	 0.004746398017638801 	 0.29292929292929304
1.36 	 1.16 	 371.09 	 990.99 	 614.7777849644485 	 0.0035077309409210283 	 0.31313131313131315
1.39 	 1.18 	 326.59 	 886.0 	 546.2286753683984 	 0.0036907731091697597 	 0.31313131313131315
1.41 	 1.2 	 287.71 	 793.45 	 486.0330415284906 	 0.0038823253855321638 	 0.31313131313131315
1.44 	 1.23 	 253.17 	 710.62 	 432.33057012460404 	 0.004085829838957464 	 0.31313131313131315
1.47 	 1.25 	 223.05 	 636.57 	 384.81619480694707 	 0.004299914184054171 	 0.31313131313131315
1.49 	 1.27 	 196.34 	 571.05 	 342.7491948162318 	 0.0045257372445389405 	 0.31313131313131315
1.52 	 1.29 	 172.96 	 512.28 	 305.38803510727365 	 0.004763935206661111 	 0.31313131313131315
1.55 	 1.32 	 152.26 	 459.7 	 272.108046575795 	 0.005016134387392452 	 0.31313131313131315
1.57 	 1.34 	 134.03 	 413.01 	 242.65933258363864 	 0.005281612787182677 	 0.31313131313131315
1.6 	 1.36 	 117.87 	 371.09 	 216.35336224540208 	 0.005563219826273604 	 0.31313131313131315
1.36 	 1.16 	 371.09 	 990.99 	 614.7777849644485 	 0.004012379380386355 	 0.3333333333333335
1.39 	 1.18 	 326.59 	 886.0 	 546.2286753683984 	 0.004233200850264683 	 0.3333333333333335
1.41 	 1.2 	 287.71 	 793.45 	 486.0330415284906 	 0.004464978751884991 	 0.3333333333333335
1.44 	 1.23 	 253.17 	 710.62 	 432.33057012460404 	 0.0047117669187868765 	 0.3333333333333335
1.47 	 1.25 	 223.05 	 636.57 	 384.81619480694707 	 0.004972095745017319 	 0.3333333333333335
1.49 	 1.27 	 196.34 	 571.05 	 342.7491948162318 	 0.005247413771232778 	 0.3333333333333335
1.52 	 1.29 	 172.96 	 512.28 	 305.38803510727365 	 0.005538577064241705 	 0.3333333333333335
1.55 	 1.32 	 152.26 	 459.7 	 272.108046575795 	 0.0058476046028696944 	 0.3333333333333335
1.57 	 1.34 	 134.03 	 413.01 	 242.65933258363864 	 0.0061737916091821445 	 0.3333333333333335
1.6 	 1.36 	 117.87 	 371.09 	 216.35336224540208 	 0.006520610939164403 	 0.3333333333333335
1.36 	 1.16 	 371.09 	 990.99 	 614.7777849644485 	 0.0045896303232204035 	 0.3535353535353536
1.39 	 1.18 	 326.59 	 886.0 	 546.2286753683984 	 0.004855348434765399 	 0.3535353535353536
1.41 	 1.2 	 287.71 	 793.45 	 486.0330415284906 	 0.005135075830861026 	 0.3535353535353536
1.44 	 1.23 	 253.17 	 710.62 	 432.33057012460404 	 0.005433595712992065 	 0.3535353535353536
1.47 	 1.25 	 223.05 	 636.57 	 384.81619480694707 	 0.005749355693957218 	 0.3535353535353536
1.49 	 1.27 	 196.34 	 571.05 	 342.7491948162318 	 0.006084169230051818 	 0.3535353535353536
1.52 	 1.29 	 172.96 	 512.28 	 305.38803510727365 	 0.00643917991446486 	 0.3535353535353536
1.55 	 1.32 	 152.26 	 459.7 	 272.108046575795 	 0.006816898621665159 	 0.3535353535353536
1.57 	 1.34 	 134.03 	 413.01 	 242.65933258363864 	 0.007216678762613244 	 0.3535353535353536
1.6 	 1.36 	 117.87 	 371.09 	 216.35336224540208 	 0.007642762347651171 	 0.3535353535353536
1.36 	 1.16 	 371.09 	 990.99 	 614.7777849644485 	 0.005249928909213941 	 0.3737373737373739
1.39 	 1.18 	 326.59 	 886.0 	 546.2286753683984 	 0.005568932176110862 	 0.3737373737373739
1.41 	 1.2 	 287.71 	 793.45 	 486.0330415284906 	 0.005905740039089955 	 0.3737373737373739
1.44 	 1.23 	 253.17 	 710.62 	 432.33057012460404 	 0.006266006549374739 	 0.3737373737373739
1.47 	 1.25 	 223.05 	 636.57 	 384.81619480694707 	 0.006648120348198003 	 0.3737373737373739
1.49 	 1.27 	 196.34 	 571.05 	 342.7491948162318 	 0.007054354170209252 	 0.3737373737373739
1.52 	 1.29 	 172.96 	 512.28 	 305.38803510727365 	 0.007486225702002486 	 0.3737373737373739
1.55 	 1.32 	 152.26 	 459.7 	 272.108046575795 	 0.007946862001451897 	 0.3737373737373739
1.57 	 1.34 	 134.03 	 413.01 	 242.65933258363864 	 0.00843573214963961 	 0.3737373737373739
1.6 	 1.36 	 117.87 	 371.09 	 216.35336224540208 	 0.008958028143013216 	 0.3737373737373739
1.36 	 1.16 	 371.09 	 990.99 	 614.7777849644485 	 0.006005222994182458 	 0.39393939393939403
1.39 	 1.18 	 326.59 	 886.0 	 546.2286753683984 	 0.006387390317873508 	 0.39393939393939403
1.41 	 1.2 	 287.71 	 793.45 	 486.0330415284906 	 0.0067920643351944525 	 0.39393939393939403
1.44 	 1.23 	 253.17 	 710.62 	 432.33057012460404 	 0.007225940270625427 	 0.39393939393939403
1.47 	 1.25 	 223.05 	 636.57 	 384.81619480694707 	 0.00768738385947793 	 0.39393939393939403
1.49 	 1.27 	 196.34 	 571.05 	 342.7491948162318 	 0.00817924532949337 	 0.39393939393939403
1.52 	 1.29 	 172.96 	 512.28 	 305.38803510727365 	 0.008703526847483677 	 0.39393939393939403
1.55 	 1.32 	 152.26 	 459.7 	 272.108046575795 	 0.00926412716032055 	 0.39393939393939403
1.57 	 1.34 	 134.03 	 413.01 	 242.65933258363864 	 0.00986071006362693 	 0.39393939393939403
1.6 	 1.36 	 117.87 	 371.09 	 216.35336224540208 	 0.010499641956769527 	 0.39393939393939403
1.36 	 1.16 	 371.09 	 990.99 	 614.7777849644485 	 0.006869179341946047 	 0.41414141414141437
1.39 	 1.18 	 326.59 	 886.0 	 546.2286753683984 	 0.007326136103413029 	 0.41414141414141437
1.41 	 1.2 	 287.71 	 793.45 	 486.0330415284906 	 0.007811406805594727 	 0.41414141414141437
1.44 	 1.23 	 253.17 	 710.62 	 432.33057012460404 	 0.008332933006566451 	 0.41414141414141437
1.47 	 1.25 	 223.05 	 636.57 	 384.81619480694707 	 0.00888910962915707 	 0.41414141414141437
1.49 	 1.27 	 196.34 	 571.05 	 342.7491948162318 	 0.009483512245892054 	 0.41414141414141437
1.52 	 1.29 	 172.96 	 512.28 	 305.38803510727365 	 0.010118767801057141 	 0.41414141414141437
1.55 	 1.32 	 152.26 	 459.7 	 272.108046575795 	 0.010799741083576007 	 0.41414141414141437
1.57 	 1.34 	 134.03 	 413.01 	 242.65933258363864 	 0.011526397618381912 	 0.41414141414141437
1.6 	 1.36 	 117.87 	 371.09 	 216.35336224540208 	 0.012306556695330154 	 0.41414141414141437
1.36 	 1.16 	 371.09 	 990.99 	 614.7777849644485 	 0.00785743091930629 	 0.4343434343434345
1.39 	 1.18 	 326.59 	 886.0 	 546.2286753683984 	 0.008402848038821657 	 0.4343434343434345
1.41 	 1.2 	 287.71 	 793.45 	 486.0330415284906 	 0.00898373061137156 	 0.4343434343434345
1.44 	 1.23 	 253.17 	 710.62 	 432.33057012460404 	 0.00960951376448542 	 0.4343434343434345
1.47 	 1.25 	 223.05 	 636.57 	 384.81619480694707 	 0.010278694474421493 	 0.4343434343434345
1.49 	 1.27 	 196.34 	 571.05 	 342.7491948162318 	 0.010995758275361001 	 0.4343434343434345
1.52 	 1.29 	 172.96 	 512.28 	 305.38803510727365 	 0.01176413465551762 	 0.4343434343434345
1.55 	 1.32 	 152.26 	 459.7 	 272.108046575795 	 0.012589897078684261 	 0.4343434343434345
1.57 	 1.34 	 134.03 	 413.01 	 242.65933258363864 	 0.013473455887026916 	 0.4343434343434345
1.6 	 1.36 	 117.87 	 371.09 	 216.35336224540208 	 0.014424428787091045 	 0.4343434343434345
1.36 	 1.16 	 371.09 	 990.99 	 614.7777849644485 	 0.008987859768730348 	 0.4545454545454546
1.39 	 1.18 	 326.59 	 886.0 	 546.2286753683984 	 0.00963780281540698 	 0.4545454545454546
1.41 	 1.2 	 287.71 	 793.45 	 486.0330415284906 	 0.010331994953826987 	 0.4545454545454546
1.44 	 1.23 	 253.17 	 710.62 	 432.33057012460404 	 0.011081662929135226 	 0.4545454545454546
1.47 	 1.25 	 223.05 	 636.57 	 384.81619480694707 	 0.011885505354997137 	 0.4545454545454546
1.49 	 1.27 	 196.34 	 571.05 	 342.7491948162318 	 0.012749147880580075 	 0.4545454545454546
1.52 	 1.29 	 172.96 	 512.28 	 305.38803510727365 	 0.013677047137962008 	 0.4545454545454546
1.55 	 1.32 	 152.26 	 459.7 	 272.108046575795 	 0.014676787825303895 	 0.4545454545454546
1.57 	 1.34 	 134.03 	 413.01 	 242.65933258363864 	 0.01574941447882694 	 0.4545454545454546
1.6 	 1.36 	 117.87 	 371.09 	 216.35336224540208 	 0.01690677181155087 	 0.4545454545454546
1.36 	 1.16 	 371.09 	 990.99 	 614.7777849644485 	 0.010280920577217563 	 0.4747474747474749
1.39 	 1.18 	 326.59 	 886.0 	 546.2286753683984 	 0.011054257161324629 	 0.4747474747474749
1.41 	 1.2 	 287.71 	 793.45 	 486.0330415284906 	 0.01188260471554911 	 0.4747474747474749
1.44 	 1.23 	 253.17 	 710.62 	 432.33057012460404 	 0.012779341003581572 	 0.4747474747474749
1.47 	 1.25 	 223.05 	 636.57 	 384.81619480694707 	 0.01374350000335199 	 0.4747474747474749
1.49 	 1.27 	 196.34 	 571.05 	 342.7491948162318 	 0.014782133947516533 	 0.4747474747474749
1.52 	 1.29 	 172.96 	 512.28 	 305.38803510727365 	 0.015901009627282633 	 0.4747474747474749
1.55 	 1.32 	 152.26 	 459.7 	 272.108046575795 	 0.01710959982617273 	 0.4747474747474749
1.57 	 1.34 	 134.03 	 413.01 	 242.65933258363864 	 0.01840983178374571 	 0.4747474747474749
1.6 	 1.36 	 117.87 	 371.09 	 216.35336224540208 	 0.019816308659907547 	 0.4747474747474749
1.36 	 1.16 	 371.09 	 990.99 	 614.7777849644485 	 0.011760010796206104 	 0.49494949494949503
1.39 	 1.18 	 326.59 	 886.0 	 546.2286753683984 	 0.01267888581340898 	 0.49494949494949503
1.41 	 1.2 	 287.71 	 793.45 	 486.0330415284906 	 0.013665927582909835 	 0.49494949494949503
1.44 	 1.23 	 253.17 	 710.62 	 432.33057012460404 	 0.01473709835158877 	 0.49494949494949503
1.47 	 1.25 	 223.05 	 636.57 	 384.81619480694707 	 0.01589194457455034 	 0.49494949494949503
1.49 	 1.27 	 196.34 	 571.05 	 342.7491948162318 	 0.017139301080283526 	 0.49494949494949503
1.52 	 1.29 	 172.96 	 512.28 	 305.38803510727365 	 0.0184866005517482 	 0.49494949494949503
1.55 	 1.32 	 152.26 	 459.7 	 272.108046575795 	 0.019945672697336846 	 0.49494949494949503
1.57 	 1.34 	 134.03 	 413.01 	 242.65933258363864 	 0.021519651207443306 	 0.49494949494949503
1.6 	 1.36 	 117.87 	 371.09 	 216.35336224540208 	 0.023226556393009284 	 0.49494949494949503
1.36 	 1.16 	 371.09 	 990.99 	 614.7777849644485 	 0.013451894009700973 	 0.5151515151515154
1.39 	 1.18 	 326.59 	 886.0 	 546.2286753683984 	 0.01454228385710909 	 0.5151515151515154
1.41 	 1.2 	 287.71 	 793.45 	 486.0330415284906 	 0.01571688877750455 	 0.5151515151515154
1.44 	 1.23 	 253.17 	 710.62 	 432.33057012460404 	 0.016994778350740675 	 0.5151515151515154
1.47 	 1.25 	 223.05 	 636.57 	 384.81619480694707 	 0.01837624348229952 	 0.5151515151515154
1.49 	 1.27 	 196.34 	 571.05 	 342.7491948162318 	 0.01987234336825642 	 0.5151515151515154
1.52 	 1.29 	 172.96 	 512.28 	 305.38803510727365 	 0.021492622668029968 	 0.5151515151515154
1.55 	 1.32 	 152.26 	 459.7 	 272.108046575795 	 0.023251850621352592 	 0.5151515151515154
1.57 	 1.34 	 134.03 	 413.01 	 242.65933258363864 	 0.025154786503746886 	 0.5151515151515154
1.6 	 1.36 	 117.87 	 371.09 	 216.35336224540208 	 0.027223683842243815 	 0.5151515151515154
1.36 	 1.16 	 371.09 	 990.99 	 614.7777849644485 	 0.01538718421131094 	 0.5353535353535355
1.39 	 1.18 	 326.59 	 886.0 	 546.2286753683984 	 0.016679542894619315 	 0.5353535353535355
1.41 	 1.2 	 287.71 	 793.45 	 486.0330415284906 	 0.0180756550439623 	 0.5353535353535355
1.44 	 1.23 	 253.17 	 710.62 	 432.33057012460404 	 0.01959832826654552 	 0.5353535353535355
1.47 	 1.25 	 223.05 	 636.57 	 384.81619480694707 	 0.021248898958629164 	 0.5353535353535355
1.49 	 1.27 	 196.34 	 571.05 	 342.7491948162318 	 0.023041198068465902 	 0.5353535353535355
1.52 	 1.29 	 172.96 	 512.28 	 305.38803510727365 	 0.024987440381873324 	 0.5353535353535355
1.55 	 1.32 	 152.26 	 459.7 	 272.108046575795 	 0.027106057816234097 	 0.5353535353535355
1.57 	 1.34 	 134.03 	 413.01 	 242.65933258363864 	 0.029403974904120316 	 0.5353535353535355
1.6 	 1.36 	 117.87 	 371.09 	 216.35336224540208 	 0.03190868889051112 	 0.5353535353535355
1.36 	 1.16 	 371.09 	 990.99 	 614.7777849644485 	 0.01760089975300657 	 0.5555555555555556
1.39 	 1.18 	 326.59 	 886.0 	 546.2286753683984 	 0.019130911891631276 	 0.5555555555555556
1.41 	 1.2 	 287.71 	 793.45 	 486.0330415284906 	 0.020788421289585312 	 0.5555555555555556
1.44 	 1.23 	 253.17 	 710.62 	 432.33057012460404 	 0.022600734350062122 	 0.5555555555555556
1.47 	 1.25 	 223.05 	 636.57 	 384.81619480694707 	 0.02457062061617453 	 0.5555555555555556
1.49 	 1.27 	 196.34 	 571.05 	 342.7491948162318 	 0.026715360065603436 	 0.5555555555555556
1.52 	 1.29 	 172.96 	 512.28 	 305.38803510727365 	 0.02905053452440779 	 0.5555555555555556
1.55 	 1.32 	 152.26 	 459.7 	 272.108046575795 	 0.0315991351528081 	 0.5555555555555556
1.57 	 1.34 	 134.03 	 413.01 	 242.65933258363864 	 0.0343709432808485 	 0.5555555555555556
1.6 	 1.36 	 117.87 	 371.09 	 216.35336224540208 	 0.03739995044798133 	 0.5555555555555556
1.36 	 1.16 	 371.09 	 990.99 	 614.7777849644485 	 0.020133096989094542 	 0.5757575757575759
1.39 	 1.18 	 326.59 	 886.0 	 546.2286753683984 	 0.021942555147804747 	 0.5757575757575759
1.41 	 1.2 	 287.71 	 793.45 	 486.0330415284906 	 0.023908315281643753 	 0.5757575757575759
1.44 	 1.23 	 253.17 	 710.62 	 432.33057012460404 	 0.026063100189724152 	 0.5757575757575759
1.47 	 1.25 	 223.05 	 636.57 	 384.81619480694707 	 0.028411608462132268 	 0.5757575757575759
1.49 	 1.27 	 196.34 	 571.05 	 342.7491948162318 	 0.03097540593653512 	 0.5757575757575759
1.52 	 1.29 	 172.96 	 512.28 	 305.38803510727365 	 0.03377430994356773 	 0.5757575757575759
1.55 	 1.32 	 152.26 	 459.7 	 272.108046575795 	 0.0368369812082161 	 0.5757575757575759
1.57 	 1.34 	 134.03 	 413.01 	 242.65933258363864 	 0.04017694022211141 	 0.5757575757575759
1.6 	 1.36 	 117.87 	 371.09 	 216.35336224540208 	 0.04383621960498092 	 0.5757575757575759
1.36 	 1.16 	 371.09 	 990.99 	 614.7777849644485 	 0.023029595080958677 	 0.595959595959596
1.39 	 1.18 	 326.59 	 886.0 	 546.2286753683984 	 0.02516742166509434 	 0.595959595959596
1.41 	 1.2 	 287.71 	 793.45 	 486.0330415284906 	 0.027496438120235986 	 0.595959595959596
1.44 	 1.23 	 253.17 	 710.62 	 432.33057012460404 	 0.03005589026348302 	 0.595959595959596
1.47 	 1.25 	 223.05 	 636.57 	 384.81619480694707 	 0.03285303647861959 	 0.595959595959596
1.49 	 1.27 	 196.34 	 571.05 	 342.7491948162318 	 0.035914761042973094 	 0.595959595959596
1.52 	 1.29 	 172.96 	 512.28 	 305.38803510727365 	 0.03926619701974072 	 0.595959595959596
1.55 	 1.32 	 152.26 	 459.7 	 272.108046575795 	 0.04294304821864328 	 0.595959595959596
1.57 	 1.34 	 134.03 	 413.01 	 242.65933258363864 	 0.046963695829393685 	 0.595959595959596
1.6 	 1.36 	 117.87 	 371.09 	 216.35336224540208 	 0.05138012554131153 	 0.595959595959596
1.36 	 1.16 	 371.09 	 990.99 	 614.7777849644485 	 0.026342805077638948 	 0.6161616161616164
1.39 	 1.18 	 326.59 	 886.0 	 546.2286753683984 	 0.02886624228591855 	 0.6161616161616164
1.41 	 1.2 	 287.71 	 793.45 	 486.0330415284906 	 0.031623060863700765 	 0.6161616161616164
1.44 	 1.23 	 253.17 	 710.62 	 432.33057012460404 	 0.034660363999471505 	 0.6161616161616164
1.47 	 1.25 	 223.05 	 636.57 	 384.81619480694707 	 0.037988768122862886 	 0.6161616161616164
1.49 	 1.27 	 196.34 	 571.05 	 342.7491948162318 	 0.04164174840570768 	 0.6161616161616164
1.52 	 1.29 	 172.96 	 512.28 	 305.38803510727365 	 0.04565109489932713 	 0.6161616161616164
1.55 	 1.32 	 152.26 	 459.7 	 272.108046575795 	 0.050061251759072334 	 0.6161616161616164
1.57 	 1.34 	 134.03 	 413.01 	 242.65933258363864 	 0.05489688148879899 	 0.6161616161616164
1.6 	 1.36 	 117.87 	 371.09 	 216.35336224540208 	 0.06022228477797328 	 0.6161616161616164
1.36 	 1.16 	 371.09 	 990.99 	 614.7777849644485 	 0.030132678274150195 	 0.6363636363636365
1.39 	 1.18 	 326.59 	 886.0 	 546.2286753683984 	 0.03310867337932479 	 0.6363636363636365
1.41 	 1.2 	 287.71 	 793.45 	 486.0330415284906 	 0.03636900074171277 	 0.6363636363636365
1.44 	 1.23 	 253.17 	 710.62 	 432.33057012460404 	 0.03997022953053069 	 0.6363636363636365
1.47 	 1.25 	 223.05 	 636.57 	 384.81619480694707 	 0.043927340001945495 	 0.6363636363636365
1.49 	 1.27 	 196.34 	 571.05 	 342.7491948162318 	 0.04828196429343999 	 0.6363636363636365
1.52 	 1.29 	 172.96 	 512.28 	 305.38803510727365 	 0.053074212011406226 	 0.6363636363636365
1.55 	 1.32 	 152.26 	 459.7 	 272.108046575795 	 0.05835936272910428 	 0.6363636363636365
1.57 	 1.34 	 134.03 	 413.01 	 242.65933258363864 	 0.06417015407269208 	 0.6363636363636365
1.6 	 1.36 	 117.87 	 371.09 	 216.35336224540208 	 0.07058611760228742 	 0.6363636363636365
1.36 	 1.16 	 371.09 	 990.99 	 614.7777849644485 	 0.03446779100773058 	 0.6565656565656568
1.39 	 1.18 	 326.59 	 886.0 	 546.2286753683984 	 0.037974608613104775 	 0.6565656565656568
1.41 	 1.2 	 287.71 	 793.45 	 486.0330415284906 	 0.04182720390830359 	 0.6565656565656568
1.44 	 1.23 	 253.17 	 710.62 	 432.33057012460404 	 0.04609355079905313 	 0.6565656565656568
1.47 	 1.25 	 223.05 	 636.57 	 384.81619480694707 	 0.050794255644347155 	 0.6565656565656568
1.49 	 1.27 	 196.34 	 571.05 	 342.7491948162318 	 0.05598103262430486 	 0.6565656565656568
1.52 	 1.29 	 172.96 	 512.28 	 305.38803510727365 	 0.061704368467912114 	 0.6565656565656568
1.55 	 1.32 	 152.26 	 459.7 	 272.108046575795 	 0.06803296159149591 	 0.6565656565656568
1.57 	 1.34 	 134.03 	 413.01 	 242.65933258363864 	 0.07500988329461357 	 0.6565656565656568
1.6 	 1.36 	 117.87 	 371.09 	 216.35336224540208 	 0.08273349336600239 	 0.6565656565656568
1.36 	 1.16 	 371.09 	 990.99 	 614.7777849644485 	 0.039426585521001006 	 0.6767676767676769
1.39 	 1.18 	 326.59 	 886.0 	 546.2286753683984 	 0.04355568351521481 	 0.6767676767676769
1.41 	 1.2 	 287.71 	 793.45 	 486.0330415284906 	 0.04810456573199789 	 0.6767676767676769
1.44 	 1.23 	 253.17 	 710.62 	 432.33057012460404 	 0.053154946824661785 	 0.6767676767676769
1.47 	 1.25 	 223.05 	 636.57 	 384.81619480694707 	 0.058734637843971954 	 0.6767676767676769
1.49 	 1.27 	 196.34 	 571.05 	 342.7491948162318 	 0.06490779858576047 	 0.6767676767676769
1.52 	 1.29 	 172.96 	 512.28 	 305.38803510727365 	 0.07173783545209488 	 0.6767676767676769
1.55 	 1.32 	 152.26 	 459.7 	 272.108046575795 	 0.07931004806194861 	 0.6767676767676769
1.57 	 1.34 	 134.03 	 413.01 	 242.65933258363864 	 0.0876806776168536 	 0.6767676767676769
1.6 	 1.36 	 117.87 	 371.09 	 216.35336224540208 	 0.09697134729960752 	 0.6767676767676769
1.36 	 1.16 	 371.09 	 990.99 	 614.7777849644485 	 0.045098789344990724 	 0.696969696969697
1.39 	 1.18 	 326.59 	 886.0 	 546.2286753683984 	 0.049957001158476254 	 0.696969696969697
1.41 	 1.2 	 287.71 	 793.45 	 486.0330415284906 	 0.055324024272268374 	 0.696969696969697
1.44 	 1.23 	 253.17 	 710.62 	 432.33057012460404 	 0.061298127893212026 	 0.696969696969697
1.47 	 1.25 	 223.05 	 636.57 	 384.81619480694707 	 0.06791629563030047 	 0.696969696969697
1.49 	 1.27 	 196.34 	 571.05 	 342.7491948162318 	 0.07525803151084616 	 0.696969696969697
1.52 	 1.29 	 172.96 	 512.28 	 305.38803510727365 	 0.08340279891249625 	 0.696969696969697
1.55 	 1.32 	 152.26 	 459.7 	 272.108046575795 	 0.09245641489719957 	 0.696969696969697
1.57 	 1.34 	 134.03 	 413.01 	 242.65933258363864 	 0.10249184360353054 	 0.696969696969697
1.6 	 1.36 	 117.87 	 371.09 	 216.35336224540208 	 0.11365943603398282 	 0.696969696969697
1.36 	 1.16 	 371.09 	 990.99 	 614.7777849644485 	 0.051587038885233236 	 0.7171717171717173
1.39 	 1.18 	 326.59 	 886.0 	 546.2286753683984 	 0.05729911146673207 	 0.7171717171717173
1.41 	 1.2 	 287.71 	 793.45 	 486.0330415284906 	 0.06362696794168582 	 0.7171717171717173
1.44 	 1.23 	 253.17 	 710.62 	 432.33057012460404 	 0.07068882028246658 	 0.7171717171717173
1.47 	 1.25 	 223.05 	 636.57 	 384.81619480694707 	 0.07853327068085057 	 0.7171717171717173
1.49 	 1.27 	 196.34 	 571.05 	 342.7491948162318 	 0.08725871821710585 	 0.7171717171717173
1.52 	 1.29 	 172.96 	 512.28 	 305.38803510727365 	 0.09696454907791842 	 0.7171717171717173
1.55 	 1.32 	 152.26 	 459.7 	 272.108046575795 	 0.10778191243770499 	 0.7171717171717173
1.57 	 1.34 	 134.03 	 413.01 	 242.65933258363864 	 0.11980493639834099 	 0.7171717171717173
1.6 	 1.36 	 117.87 	 371.09 	 216.35336224540208 	 0.1332194277929285 	 0.7171717171717173
1.36 	 1.16 	 371.09 	 990.99 	 614.7777849644485 	 0.05900873658911538 	 0.7373737373737375
1.39 	 1.18 	 326.59 	 886.0 	 546.2286753683984 	 0.06572028141685043 	 0.7373737373737375
1.41 	 1.2 	 287.71 	 793.45 	 486.0330415284906 	 0.07317600450626645 	 0.7373737373737375
1.44 	 1.23 	 253.17 	 710.62 	 432.33057012460404 	 0.08151813904711747 	 0.7373737373737375
1.47 	 1.25 	 223.05 	 636.57 	 384.81619480694707 	 0.09080993812448375 	 0.7373737373737375
1.49 	 1.27 	 196.34 	 571.05 	 342.7491948162318 	 0.10117304096367338 	 0.7373737373737375
1.52 	 1.29 	 172.96 	 512.28 	 305.38803510727365 	 0.1127315138158428 	 0.7373737373737375
1.55 	 1.32 	 152.26 	 459.7 	 272.108046575795 	 0.12564775155564636 	 0.7373737373737375
1.57 	 1.34 	 134.03 	 413.01 	 242.65933258363864 	 0.14004258564157657 	 0.7373737373737375
1.6 	 1.36 	 117.87 	 371.09 	 216.35336224540208 	 0.15614555694407106 	 0.7373737373737375
1.36 	 1.16 	 371.09 	 990.99 	 614.7777849644485 	 0.06749817529922889 	 0.7575757575757578
1.39 	 1.18 	 326.59 	 886.0 	 546.2286753683984 	 0.0753790988891291 	 0.7575757575757578
1.41 	 1.2 	 287.71 	 793.45 	 486.0330415284906 	 0.084158145653094 	 0.7575757575757578
1.44 	 1.23 	 253.17 	 710.62 	 432.33057012460404 	 0.09400647750452613 	 0.7575757575757578
1.47 	 1.25 	 223.05 	 636.57 	 384.81619480694707 	 0.10500574840038322 	 0.7575757575757578
1.49 	 1.27 	 196.34 	 571.05 	 342.7491948162318 	 0.11730614919611008 	 0.7575757575757578
1.52 	 1.29 	 172.96 	 512.28 	 305.38803510727365 	 0.13106227304784765 	 0.7575757575757578
1.55 	 1.32 	 152.26 	 459.7 	 272.108046575795 	 0.14647501713345576 	 0.7575757575757578
1.57 	 1.34 	 134.03 	 413.01 	 242.65933258363864 	 0.16369881227573457 	 0.7575757575757578
1.6 	 1.36 	 117.87 	 371.09 	 216.35336224540208 	 0.1830171121232543 	 0.7575757575757578
1.36 	 1.16 	 371.09 	 990.99 	 614.7777849644485 	 0.07720896823210097 	 0.7777777777777779
1.39 	 1.18 	 326.59 	 886.0 	 546.2286753683984 	 0.08645745920193582 	 0.7777777777777779
1.41 	 1.2 	 287.71 	 793.45 	 486.0330415284906 	 0.09678846949290396 	 0.7777777777777779
1.44 	 1.23 	 253.17 	 710.62 	 432.33057012460404 	 0.10840799257820481 	 0.7777777777777779
1.47 	 1.25 	 223.05 	 636.57 	 384.81619480694707 	 0.12142071038535068 	 0.7777777777777779
1.49 	 1.27 	 196.34 	 571.05 	 342.7491948162318 	 0.13601185165681506 	 0.7777777777777779
1.52 	 1.29 	 172.96 	 512.28 	 305.38803510727365 	 0.1523737137472428 	 0.7777777777777779
1.55 	 1.32 	 152.26 	 459.7 	 272.108046575795 	 0.1707545927293752 	 0.7777777777777779
1.57 	 1.34 	 134.03 	 413.01 	 242.65933258363864 	 0.19135108808309834 	 0.7777777777777779
1.6 	 1.36 	 117.87 	 371.09 	 216.35336224540208 	 0.2145130734775453 	 0.7777777777777779
1.36 	 1.16 	 371.09 	 990.99 	 614.7777849644485 	 0.08831682855186294 	 0.7979797979797982
1.39 	 1.18 	 326.59 	 886.0 	 546.2286753683984 	 0.09916399057315367 	 0.7979797979797982
1.41 	 1.2 	 287.71 	 793.45 	 486.0330415284906 	 0.11131433272537196 	 0.7979797979797982
1.44 	 1.23 	 253.17 	 710.62 	 432.33057012460404 	 0.12501577728269073 	 0.7979797979797982
1.47 	 1.25 	 223.05 	 636.57 	 384.81619480694707 	 0.1404017316677629 	 0.7979797979797982
1.49 	 1.27 	 196.34 	 571.05 	 342.7491948162318 	 0.1577003756230107 	 0.7979797979797982
1.52 	 1.29 	 172.96 	 512.28 	 305.38803510727365 	 0.1771505109838167 	 0.7979797979797982
1.55 	 1.32 	 152.26 	 459.7 	 272.108046575795 	 0.19905873034723268 	 0.7979797979797982
1.57 	 1.34 	 134.03 	 413.01 	 242.65933258363864 	 0.22367443234048 	 0.7979797979797982
1.6 	 1.36 	 117.87 	 371.09 	 216.35336224540208 	 0.2514292688751047 	 0.7979797979797982
1.36 	 1.16 	 371.09 	 990.99 	 614.7777849644485 	 0.10102274883419844 	 0.8181818181818183
1.39 	 1.18 	 326.59 	 886.0 	 546.2286753683984 	 0.11373798301688139 	 0.8181818181818183
1.41 	 1.2 	 287.71 	 793.45 	 486.0330415284906 	 0.12802021495962607 	 0.8181818181818183
1.44 	 1.23 	 253.17 	 710.62 	 432.33057012460404 	 0.14416782561784544 	 0.8181818181818183
1.47 	 1.25 	 223.05 	 636.57 	 384.81619480694707 	 0.16234994996112947 	 0.8181818181818183
1.49 	 1.27 	 196.34 	 571.05 	 342.7491948162318 	 0.18284736343704142 	 0.8181818181818183
1.52 	 1.29 	 172.96 	 512.28 	 305.38803510727365 	 0.20595615063818798 	 0.8181818181818183
1.55 	 1.32 	 152.26 	 459.7 	 272.108046575795 	 0.23205453800151596 	 0.8181818181818183
1.57 	 1.34 	 134.03 	 413.01 	 242.65933258363864 	 0.26145788970433814 	 0.8181818181818183
1.6 	 1.36 	 117.87 	 371.09 	 216.35336224540208 	 0.29469848257843795 	 0.8181818181818183
1.36 	 1.16 	 371.09 	 990.99 	 614.7777849644485 	 0.1155566379517856 	 0.8383838383838385
1.39 	 1.18 	 326.59 	 886.0 	 546.2286753683984 	 0.13045389466456797 	 0.8383838383838385
1.41 	 1.2 	 287.71 	 793.45 	 486.0330415284906 	 0.1472332900628643 	 0.8383838383838385
1.44 	 1.23 	 253.17 	 710.62 	 432.33057012460404 	 0.16625391126736774 	 0.8383838383838385
1.47 	 1.25 	 223.05 	 636.57 	 384.81619480694707 	 0.18772921059657474 	 0.8383838383838385
1.49 	 1.27 	 196.34 	 571.05 	 342.7491948162318 	 0.21200430362829878 	 0.8383838383838385
1.52 	 1.29 	 172.96 	 512.28 	 305.38803510727365 	 0.2394457444696565 	 0.8383838383838385
1.55 	 1.32 	 152.26 	 459.7 	 272.108046575795 	 0.27051970296989136 	 0.8383838383838385
1.57 	 1.34 	 134.03 	 413.01 	 242.65933258363864 	 0.30562379156767927 	 0.8383838383838385
1.6 	 1.36 	 117.87 	 371.09 	 216.35336224540208 	 0.34541402447928393 	 0.8383838383838385
1.36 	 1.16 	 371.09 	 990.99 	 614.7777849644485 	 0.13218148118931064 	 0.8585858585858588
1.39 	 1.18 	 326.59 	 886.0 	 546.2286753683984 	 0.1496265203738342 	 0.8585858585858588
1.41 	 1.2 	 287.71 	 793.45 	 486.0330415284906 	 0.16932983364831974 	 0.8585858585858588
1.44 	 1.23 	 253.17 	 710.62 	 432.33057012460404 	 0.19172352009362945 	 0.8585858585858588
1.47 	 1.25 	 223.05 	 636.57 	 384.81619480694707 	 0.21707586925435482 	 0.8585858585858588
1.49 	 1.27 	 196.34 	 571.05 	 342.7491948162318 	 0.2458106253875291 	 0.8585858585858588
1.52 	 1.29 	 172.96 	 512.28 	 305.38803510727365 	 0.27838092898400313 	 0.8585858585858588
1.55 	 1.32 	 152.26 	 459.7 	 272.108046575795 	 0.3153608213188242 	 0.8585858585858588
1.57 	 1.34 	 134.03 	 413.01 	 242.65933258363864 	 0.35725027107741825 	 0.8585858585858588
1.6 	 1.36 	 117.87 	 371.09 	 216.35336224540208 	 0.40485735543351303 	 0.8585858585858588
1.36 	 1.16 	 371.09 	 990.99 	 614.7777849644485 	 0.15119809886377955 	 0.8787878787878789
1.39 	 1.18 	 326.59 	 886.0 	 546.2286753683984 	 0.1716169199604751 	 0.8787878787878789
1.41 	 1.2 	 287.71 	 793.45 	 486.0330415284906 	 0.19474259218907053 	 0.8787878787878789
1.44 	 1.23 	 253.17 	 710.62 	 432.33057012460404 	 0.22109499786731998 	 0.8787878787878789
1.47 	 1.25 	 223.05 	 636.57 	 384.81619480694707 	 0.2510101271016231 	 0.8787878787878789
1.49 	 1.27 	 196.34 	 571.05 	 342.7491948162318 	 0.28500772163260274 	 0.8787878787878789
1.52 	 1.29 	 172.96 	 512.28 	 305.38803510727365 	 0.32364718693848826 	 0.8787878787878789
1.55 	 1.32 	 152.26 	 459.7 	 272.108046575795 	 0.36763476571594517 	 0.8787878787878789
1.57 	 1.34 	 134.03 	 413.01 	 242.65933258363864 	 0.4175975814259402 	 0.8787878787878789
1.6 	 1.36 	 117.87 	 371.09 	 216.35336224540208 	 0.47453046672240123 	 0.8787878787878789
1.36 	 1.16 	 371.09 	 990.99 	 614.7777849644485 	 0.17295058955558174 	 0.8989898989898992
1.39 	 1.18 	 326.59 	 886.0 	 546.2286753683984 	 0.196839217694396 	 0.8989898989898992
1.41 	 1.2 	 287.71 	 793.45 	 486.0330415284906 	 0.22396925807701604 	 0.8989898989898992
1.44 	 1.23 	 253.17 	 710.62 	 432.33057012460404 	 0.25496609940229525 	 0.8989898989898992
1.47 	 1.25 	 223.05 	 636.57 	 384.81619480694707 	 0.29024913788896023 	 0.8989898989898992
1.49 	 1.27 	 196.34 	 571.05 	 342.7491948162318 	 0.33045520819999735 	 0.8989898989898992
1.52 	 1.29 	 172.96 	 512.28 	 305.38803510727365 	 0.3762739854180756 	 0.8989898989898992
1.55 	 1.32 	 152.26 	 459.7 	 272.108046575795 	 0.42857359515302174 	 0.8989898989898992
1.57 	 1.34 	 134.03 	 413.01 	 242.65933258363864 	 0.4881388598722839 	 0.8989898989898992
1.6 	 1.36 	 117.87 	 371.09 	 216.35336224540208 	 0.5561938317920969 	 0.8989898989898992
1.36 	 1.16 	 371.09 	 990.99 	 614.7777849644485 	 0.1978325564435311 	 0.9191919191919193
1.39 	 1.18 	 326.59 	 886.0 	 546.2286753683984 	 0.22576840110791663 	 0.9191919191919193
1.41 	 1.2 	 287.71 	 793.45 	 486.0330415284906 	 0.2575822166055373 	 0.9191919191919193
1.44 	 1.23 	 253.17 	 710.62 	 432.33057012460404 	 0.29402615378676444 	 0.9191919191919193
1.47 	 1.25 	 223.05 	 636.57 	 384.81619480694707 	 0.3356221640060667 	 0.9191919191919193
1.49 	 1.27 	 196.34 	 571.05 	 342.7491948162318 	 0.3831497757358004 	 0.9191919191919193
1.52 	 1.29 	 172.96 	 512.28 	 305.38803510727365 	 0.43745818847271695 	 0.9191919191919193
1.55 	 1.32 	 152.26 	 459.7 	 272.108046575795 	 0.49961359368363845 	 0.9191919191919193
1.57 	 1.34 	 134.03 	 413.01 	 242.65933258363864 	 0.5705960884729661 	 0.9191919191919193
1.6 	 1.36 	 117.87 	 371.09 	 216.35336224540208 	 0.6519108892212483 	 0.9191919191919193
1.36 	 1.16 	 371.09 	 990.99 	 614.7777849644485 	 0.22629422940709357 	 0.9393939393939394
1.39 	 1.18 	 326.59 	 886.0 	 546.2286753683984 	 0.2589492659839823 	 0.9393939393939394
1.41 	 1.2 	 287.71 	 793.45 	 486.0330415284906 	 0.2962397557641891 	 0.9393939393939394
1.44 	 1.23 	 253.17 	 710.62 	 432.33057012460404 	 0.3390700932920177 	 0.9393939393939394
1.47 	 1.25 	 223.05 	 636.57 	 384.81619480694707 	 0.38808810179897335 	 0.9393939393939394
1.49 	 1.27 	 196.34 	 571.05 	 342.7491948162318 	 0.4442470477195392 	 0.9393939393939394
1.52 	 1.29 	 172.96 	 512.28 	 305.38803510727365 	 0.5085912767772172 	 0.9393939393939394
1.55 	 1.32 	 152.26 	 459.7 	 272.108046575795 	 0.582429122597615 	 0.9393939393939394
1.57 	 1.34 	 134.03 	 413.01 	 242.65933258363864 	 0.6669821293593244 	 0.9393939393939394
1.6 	 1.36 	 117.87 	 371.09 	 216.35336224540208 	 0.7641001808953851 	 0.9393939393939394
1.36 	 1.16 	 371.09 	 990.99 	 614.7777849644485 	 0.2588506117675702 	 0.9595959595959598
1.39 	 1.18 	 326.59 	 886.0 	 546.2286753683984 	 0.2970066759767297 	 0.9595959595959598
1.41 	 1.2 	 287.71 	 793.45 	 486.0330415284906 	 0.34069895838197395 	 0.9595959595959598
1.44 	 1.23 	 253.17 	 710.62 	 432.33057012460404 	 0.39101463146858706 	 0.9595959595959598
1.47 	 1.25 	 223.05 	 636.57 	 384.81619480694707 	 0.4487557465221755 	 0.9595959595959598
1.49 	 1.27 	 196.34 	 571.05 	 342.7491948162318 	 0.5150869239803815 	 0.9595959595959598
1.52 	 1.29 	 172.96 	 512.28 	 305.38803510727365 	 0.5912909933563 	 0.9595959595959598
1.55 	 1.32 	 152.26 	 459.7 	 272.108046575795 	 0.6789720839033634 	 0.9595959595959598
1.57 	 1.34 	 134.03 	 413.01 	 242.65933258363864 	 0.779649860683854 	 0.9595959595959598
1.6 	 1.36 	 117.87 	 371.09 	 216.35336224540208 	 0.8955964627954122 	 0.9595959595959598
1.36 	 1.16 	 371.09 	 990.99 	 614.7777849644485 	 0.2960907990804684 	 0.9797979797979799
1.39 	 1.18 	 326.59 	 886.0 	 546.2286753683984 	 0.3406573300740789 	 0.9797979797979799
1.41 	 1.2 	 287.71 	 793.45 	 486.0330415284906 	 0.39183052910345967 	 0.9797979797979799
1.44 	 1.23 	 253.17 	 710.62 	 432.33057012460404 	 0.45091691967902003 	 0.9797979797979799
1.47 	 1.25 	 223.05 	 636.57 	 384.81619480694707 	 0.5189072251975116 	 0.9797979797979799
1.49 	 1.27 	 196.34 	 571.05 	 342.7491948162318 	 0.5972229655042502 	 0.9797979797979799
1.52 	 1.29 	 172.96 	 512.28 	 305.38803510727365 	 0.6874381350772348 	 0.9797979797979799
1.55 	 1.32 	 152.26 	 459.7 	 272.108046575795 	 0.7915179252438748 	 0.9797979797979799
1.57 	 1.34 	 134.03 	 413.01 	 242.65933258363864 	 0.9113496126923677 	 0.9797979797979799
1.6 	 1.36 	 117.87 	 371.09 	 216.35336224540208 	 1.0497223325241818 	 0.9797979797979799
1.36 	 1.16 	 371.09 	 990.99 	 614.7777849644485 	 0.3386886385991307 	 1.0
1.39 	 1.18 	 326.59 	 886.0 	 546.2286753683984 	 0.39072325950778375 	 1.0
1.41 	 1.2 	 287.71 	 793.45 	 486.0330415284906 	 0.45063584657445865 	 1.0
1.44 	 1.23 	 253.17 	 710.62 	 432.33057012460404 	 0.5199960617564526 	 1.0
1.47 	 1.25 	 223.05 	 636.57 	 384.81619480694707 	 0.6000250926009599 	 1.0
1.49 	 1.27 	 196.34 	 571.05 	 342.7491948162318 	 0.692456464958283 	 1.0
1.52 	 1.29 	 172.96 	 512.28 	 305.38803510727365 	 0.7992193266399097 	 1.0
1.55 	 1.32 	 152.26 	 459.7 	 272.108046575795 	 0.9227192705488856 	 1.0
1.57 	 1.34 	 134.03 	 413.01 	 242.65933258363864 	 1.0652963059930816 	 1.0
1.6 	 1.36 	 117.87 	 371.09 	 216.35336224540208 	 1.2303721834280257 	 1.0
