1.49 	 1.27 	 480.16 	 1195.27 	 761.3431897507339 	 0.0005692163314500253 	 -0.1
1.52 	 1.29 	 432.47 	 1086.32 	 689.3242970595501 	 0.0005903415671145543 	 -0.1
1.55 	 1.32 	 389.91 	 988.5 	 624.8389109837867 	 0.0006120756762073461 	 -0.1
1.57 	 1.34 	 351.92 	 900.56 	 567.0480954511969 	 0.0006344185096945852 	 -0.1
1.6 	 1.36 	 317.96 	 821.37 	 515.1774405913724 	 0.0006574024262810745 	 -0.1
1.49 	 1.27 	 480.16 	 1195.27 	 761.3431897507339 	 0.0006102882097207121 	 -0.09797979797979799
1.52 	 1.29 	 432.47 	 1086.32 	 689.3242970595501 	 0.000632834571852915 	 -0.09797979797979799
1.55 	 1.32 	 389.91 	 988.5 	 624.8389109837867 	 0.0006560299845702905 	 -0.09797979797979799
1.57 	 1.34 	 351.92 	 900.56 	 567.0480954511969 	 0.0006798746003885723 	 -0.09797979797979799
1.6 	 1.36 	 317.96 	 821.37 	 515.1774405913724 	 0.0007044027186010768 	 -0.09797979797979799
1.49 	 1.27 	 480.16 	 1195.27 	 761.3431897507339 	 0.0006543236346984748 	 -0.09595959595959597
1.52 	 1.29 	 432.47 	 1086.32 	 689.3242970595501 	 0.000678386238817146 	 -0.09595959595959597
1.55 	 1.32 	 389.91 	 988.5 	 624.8389109837867 	 0.0007031407346916055 	 -0.09595959595959597
1.57 	 1.34 	 351.92 	 900.56 	 567.0480954511969 	 0.0007285876203013726 	 -0.09595959595959597
1.6 	 1.36 	 317.96 	 821.37 	 515.1774405913724 	 0.0007547632471931927 	 -0.09595959595959597
1.49 	 1.27 	 480.16 	 1195.27 	 761.3431897507339 	 0.0007015364414805812 	 -0.09393939393939395
1.52 	 1.29 	 432.47 	 1086.32 	 689.3242970595501 	 0.0007272167316475827 	 -0.09393939393939395
1.55 	 1.32 	 389.91 	 988.5 	 624.8389109837867 	 0.0007536345966053602 	 -0.09393939393939395
1.57 	 1.34 	 351.92 	 900.56 	 567.0480954511969 	 0.0007807909284344839 	 -0.09393939393939395
1.6 	 1.36 	 317.96 	 821.37 	 515.1774405913724 	 0.000808724248601646 	 -0.09393939393939395
1.49 	 1.27 	 480.16 	 1195.27 	 761.3431897507339 	 0.0007521558944634957 	 -0.09191919191919193
1.52 	 1.29 	 432.47 	 1086.32 	 689.3242970595501 	 0.0007795620614449662 	 -0.09191919191919193
1.55 	 1.32 	 389.91 	 988.5 	 624.8389109837867 	 0.0008077545179481471 	 -0.09191919191919193
1.57 	 1.34 	 351.92 	 900.56 	 567.0480954511969 	 0.0008367346039635077 	 -0.09191919191919193
1.6 	 1.36 	 317.96 	 821.37 	 515.1774405913724 	 0.0008665431348287257 	 -0.09191919191919193
1.49 	 1.27 	 480.16 	 1195.27 	 761.3431897507339 	 0.0008064278006459635 	 -0.08989898989898991
1.52 	 1.29 	 432.47 	 1086.32 	 689.3242970595501 	 0.0008356752274765209 	 -0.08989898989898991
1.55 	 1.32 	 389.91 	 988.5 	 624.8389109837867 	 0.0008657608928844155 	 -0.08989898989898991
1.57 	 1.34 	 351.92 	 900.56 	 567.0480954511969 	 0.0008966866442387397 	 -0.08989898989898991
1.6 	 1.36 	 317.96 	 821.37 	 515.1774405913724 	 0.000928495721276023 	 -0.08989898989898991
1.49 	 1.27 	 480.16 	 1195.27 	 761.3431897507339 	 0.000864615703262629 	 -0.08787878787878789
1.52 	 1.29 	 432.47 	 1086.32 	 689.3242970595501 	 0.0008958274399904667 	 -0.08787878787878789
1.55 	 1.32 	 389.91 	 988.5 	 624.8389109837867 	 0.0009279328149745329 	 -0.08787878787878789
1.57 	 1.34 	 351.92 	 900.56 	 567.0480954511969 	 0.0009609342486225163 	 -0.08787878787878789
1.6 	 1.36 	 317.96 	 821.37 	 515.1774405913724 	 0.0009948775424760351 	 -0.08787878787878789
1.49 	 1.27 	 480.16 	 1195.27 	 761.3431897507339 	 0.0009270021615444302 	 -0.08585858585858586
1.52 	 1.29 	 432.47 	 1086.32 	 689.3242970595501 	 0.0009603094310491827 	 -0.08585858585858586
1.55 	 1.32 	 389.91 	 988.5 	 624.8389109837867 	 0.0009945694200136602 	 -0.08585858585858586
1.57 	 1.34 	 351.92 	 900.56 	 567.0480954511969 	 0.0010297851943135124 	 -0.08585858585858586
1.6 	 1.36 	 317.96 	 821.37 	 515.1774405913724 	 0.0010660052618906059 	 -0.08585858585858586
1.49 	 1.27 	 480.16 	 1195.27 	 761.3431897507339 	 0.0009938901228202911 	 -0.08383838383838385
1.52 	 1.29 	 432.47 	 1086.32 	 689.3242970595501 	 0.0010294328597166178 	 -0.08383838383838385
1.55 	 1.32 	 389.91 	 988.5 	 624.8389109837867 	 0.0010659913253024185 	 -0.08383838383838385
1.57 	 1.34 	 351.92 	 900.56 	 567.0480954511969 	 0.001103569310748852 	 -0.08383838383838385
1.6 	 1.36 	 317.96 	 821.37 	 515.1774405913724 	 0.0011422181825014234 	 -0.08383838383838385
1.49 	 1.27 	 480.16 	 1195.27 	 761.3431897507339 	 0.0010656043936229673 	 -0.08181818181818182
1.52 	 1.29 	 432.47 	 1086.32 	 689.3242970595501 	 0.0011035318183916297 	 -0.08181818181818182
1.55 	 1.32 	 389.91 	 988.5 	 624.8389109837867 	 0.0011425421722743101 	 -0.08181818181818182
1.57 	 1.34 	 351.92 	 900.56 	 567.0480954511969 	 0.0011826400596471629 	 -0.08181818181818182
1.6 	 1.36 	 317.96 	 821.37 	 515.1774405913724 	 0.001223879865398583 	 -0.08181818181818182
1.49 	 1.27 	 480.16 	 1195.27 	 761.3431897507339 	 0.0011424932169427436 	 -0.07979797979797981
1.52 	 1.29 	 432.47 	 1086.32 	 689.3242970595501 	 0.0011829644475677282 	 -0.07979797979797981
1.55 	 1.32 	 389.91 	 988.5 	 624.8389109837867 	 0.0012245902799021 	 -0.07979797979797981
1.57 	 1.34 	 351.92 	 900.56 	 567.0480954511969 	 0.001267376228261701 	 -0.07979797979797981
1.6 	 1.36 	 317.96 	 821.37 	 515.1774405913724 	 0.0013113798640884335 	 -0.07979797979797981
1.49 	 1.27 	 480.16 	 1195.27 	 761.3431897507339 	 0.001224929963288062 	 -0.07777777777777778
1.52 	 1.29 	 432.47 	 1086.32 	 689.3242970595501 	 0.001268114666823853 	 -0.07777777777777778
1.55 	 1.32 	 389.91 	 988.5 	 624.8389109837867 	 0.0013125304168384458 	 -0.07777777777777778
1.57 	 1.34 	 351.92 	 900.56 	 567.0480954511969 	 0.0013581837439550905 	 -0.07777777777777778
1.6 	 1.36 	 317.96 	 821.37 	 515.1774405913724 	 0.0014051355827939328 	 -0.07777777777777778
1.49 	 1.27 	 480.16 	 1195.27 	 761.3431897507339 	 0.00131331494376486 	 -0.07575757575757576
1.52 	 1.29 	 432.47 	 1086.32 	 689.3242970595501 	 0.0013593940304124823 	 -0.07575757575757576
1.55 	 1.32 	 389.91 	 988.5 	 624.8389109837867 	 0.0014067857008172797 	 -0.07575757575757576
1.57 	 1.34 	 351.92 	 900.56 	 567.0480954511969 	 0.0014554976187883487 	 -0.07575757575757576
1.6 	 1.36 	 317.96 	 821.37 	 515.1774405913724 	 0.0015055942676122246 	 -0.07575757575757576
1.49 	 1.27 	 480.16 	 1195.27 	 761.3431897507339 	 0.0014080773539788764 	 -0.07373737373737374
1.52 	 1.29 	 432.47 	 1086.32 	 689.3242970595501 	 0.0014572437164136847 	 -0.07373737373737374
1.55 	 1.32 	 389.91 	 988.5 	 624.8389109837867 	 0.0015078096344547857 	 -0.07373737373737374
1.57 	 1.34 	 351.92 	 900.56 	 567.0480954511969 	 0.0015597840334397367 	 -0.07373737373737374
1.6 	 1.36 	 317.96 	 821.37 	 515.1774405913724 	 0.0016132351400279265 	 -0.07373737373737374
1.49 	 1.27 	 480.16 	 1195.27 	 761.3431897507339 	 0.0015096773582004867 	 -0.07171717171717172
1.52 	 1.29 	 432.47 	 1086.32 	 689.3242970595501 	 0.0015621366590691983 	 -0.07171717171717172
1.55 	 1.32 	 389.91 	 988.5 	 624.8389109837867 	 0.0016160882872450855 	 -0.07171717171717172
1.57 	 1.34 	 351.92 	 900.56 	 567.0480954511969 	 0.0016715425704364002 	 -0.07171717171717172
1.6 	 1.36 	 317.96 	 821.37 	 515.1774405913724 	 0.0017285716829596879 	 -0.07171717171717172
1.49 	 1.27 	 480.16 	 1195.27 	 761.3431897507339 	 0.0016186083239127136 	 -0.0696969696969697
1.52 	 1.29 	 432.47 	 1086.32 	 689.3242970595501 	 0.001674579834602719 	 -0.0696969696969697
1.55 	 1.32 	 389.91 	 988.5 	 624.8389109837867 	 0.0017321426342491455 	 -0.0696969696969697
1.57 	 1.34 	 351.92 	 900.56 	 567.0480954511969 	 0.0017913086073970753 	 -0.0696969696969697
1.6 	 1.36 	 317.96 	 821.37 	 515.1774405913724 	 0.0018521540902452487 	 -0.0696969696969697
1.49 	 1.27 	 480.16 	 1195.27 	 761.3431897507339 	 0.001735399217593355 	 -0.06767676767676768
1.52 	 1.29 	 432.47 	 1086.32 	 689.3242970595501 	 0.0017951167115743646 	 -0.06767676767676768
1.55 	 1.32 	 389.91 	 988.5 	 624.8389109837867 	 0.0018565310627293471 	 -0.06767676767676768
1.57 	 1.34 	 351.92 	 900.56 	 567.0480954511969 	 0.001919655881750658 	 -0.06767676767676768
1.6 	 1.36 	 317.96 	 821.37 	 515.1774405913724 	 0.0019845718912498275 	 -0.06767676767676768
1.49 	 1.27 	 480.16 	 1195.27 	 761.3431897507339 	 0.001860617173365056 	 -0.06565656565656566
1.52 	 1.29 	 432.47 	 1086.32 	 689.3242970595501 	 0.0019243298776125935 	 -0.06565656565656566
1.55 	 1.32 	 389.91 	 988.5 	 624.8389109837867 	 0.001989852058790208 	 -0.06565656565656566
1.57 	 1.34 	 351.92 	 900.56 	 567.0480954511969 	 0.0020571992392168694 	 -0.06565656565656566
1.6 	 1.36 	 317.96 	 821.37 	 515.1774405913724 	 0.002126456763118128 	 -0.06565656565656566
1.49 	 1.27 	 480.16 	 1195.27 	 761.3431897507339 	 0.001994870246986696 	 -0.06363636363636364
1.52 	 1.29 	 432.47 	 1086.32 	 689.3242970595501 	 0.0020628438552192114 	 -0.06363636363636364
1.55 	 1.32 	 389.91 	 988.5 	 624.8389109837867 	 0.002132747086951847 	 -0.06363636363636364
1.57 	 1.34 	 351.92 	 900.56 	 567.0480954511969 	 0.002204597579215588 	 -0.06363636363636364
1.6 	 1.36 	 317.96 	 821.37 	 515.1774405913724 	 0.0022784855440853378 	 -0.06363636363636364
1.49 	 1.27 	 480.16 	 1195.27 	 761.3431897507339 	 0.0021388103685593446 	 -0.061616161616161624
1.52 	 1.29 	 432.47 	 1086.32 	 689.3242970595501 	 0.0022113281202571135 	 -0.061616161616161624
1.55 	 1.32 	 389.91 	 988.5 	 624.8389109837867 	 0.0022859036765110357 	 -0.061616161616161624
1.57 	 1.34 	 351.92 	 900.56 	 567.0480954511969 	 0.0023625570113147746 	 -0.061616161616161624
1.6 	 1.36 	 317.96 	 821.37 	 515.1774405913724 	 0.002441383462221591 	 -0.061616161616161624
1.49 	 1.27 	 480.16 	 1195.27 	 761.3431897507339 	 0.0022931365082851265 	 -0.059595959595959605
1.52 	 1.29 	 432.47 	 1086.32 	 689.3242970595501 	 0.0023705003377098672 	 -0.059595959595959605
1.55 	 1.32 	 389.91 	 988.5 	 624.8389109837867 	 0.002450058729539668 	 -0.059595959595959605
1.57 	 1.34 	 351.92 	 900.56 	 567.0480954511969 	 0.0025318342378379106 	 -0.059595959595959605
1.6 	 1.36 	 317.96 	 821.37 	 515.1774405913724 	 0.002615927595012141 	 -0.059595959595959605
1.49 	 1.27 	 480.16 	 1195.27 	 761.3431897507339 	 0.002458598070651815 	 -0.05757575757575758
1.52 	 1.29 	 432.47 	 1086.32 	 689.3242970595501 	 0.00254112983035246 	 -0.05757575757575758
1.55 	 1.32 	 389.91 	 988.5 	 624.8389109837867 	 0.002626002066436835 	 -0.05757575757575758
1.57 	 1.34 	 351.92 	 900.56 	 567.0480954511969 	 0.0027132401788352925 	 -0.05757575757575758
1.6 	 1.36 	 317.96 	 821.37 	 515.1774405913724 	 0.0028029505762765332 	 -0.05757575757575758
1.49 	 1.27 	 480.16 	 1195.27 	 761.3431897507339 	 0.002635998533525259 	 -0.05555555555555556
1.52 	 1.29 	 432.47 	 1086.32 	 689.3242970595501 	 0.0027240412970982956 	 -0.05555555555555556
1.55 	 1.32 	 389.91 	 988.5 	 624.8389109837867 	 0.002814580226093667 	 -0.05555555555555556
1.57 	 1.34 	 351.92 	 900.56 	 567.0480954511969 	 0.002907643856784538 	 -0.05555555555555556
1.6 	 1.36 	 317.96 	 821.37 	 515.1774405913724 	 0.0030033445681100653 	 -0.05555555555555556
1.49 	 1.27 	 480.16 	 1195.27 	 761.3431897507339 	 0.002826199349820994 	 -0.05353535353535354
1.52 	 1.29 	 432.47 	 1086.32 	 689.3242970595501 	 0.0029201187989941176 	 -0.05353535353535354
1.55 	 1.32 	 389.91 	 988.5 	 624.8389109837867 	 0.0030167005389552027 	 -0.05353535353535354
1.57 	 1.34 	 351.92 	 900.56 	 567.0480954511969 	 0.003115976559629922 	 -0.05353535353535354
1.6 	 1.36 	 317.96 	 821.37 	 515.1774405913724 	 0.0032180655167950213 	 -0.05353535353535354
1.49 	 1.27 	 480.16 	 1195.27 	 761.3431897507339 	 0.003030124130701485 	 -0.05151515151515152
1.52 	 1.29 	 432.47 	 1086.32 	 689.3242970595501 	 0.003130310032128404 	 -0.05151515151515152
1.55 	 1.32 	 389.91 	 988.5 	 624.8389109837867 	 0.0032333354925764882 	 -0.05151515151515152
1.57 	 1.34 	 351.92 	 900.56 	 567.0480954511969 	 0.003339236302103489 	 -0.05151515151515152
1.6 	 1.36 	 317.96 	 821.37 	 515.1774405913724 	 0.003448137712983746 	 -0.05151515151515152
1.49 	 1.27 	 480.16 	 1195.27 	 761.3431897507339 	 0.0032487631306124865 	 -0.0494949494949495
1.52 	 1.29 	 432.47 	 1086.32 	 689.3242970595501 	 0.0033556309081052074 	 -0.0494949494949495
1.55 	 1.32 	 389.91 	 988.5 	 624.8389109837867 	 0.0034655274106774963 	 -0.0494949494949495
1.57 	 1.34 	 351.92 	 900.56 	 567.0480954511969 	 0.0035784926066998696 	 -0.0494949494949495
1.6 	 1.36 	 317.96 	 821.37 	 515.1774405913724 	 0.0036946586779072446 	 -0.0494949494949495
1.49 	 1.27 	 480.16 	 1195.27 	 761.3431897507339 	 0.003483178055937812 	 -0.04747474747474748
1.52 	 1.29 	 432.47 	 1086.32 	 689.3242970595501 	 0.0035971704642222763 	 -0.04747474747474748
1.55 	 1.32 	 389.91 	 988.5 	 624.8389109837867 	 0.0037143934682098154 	 -0.04747474747474748
1.57 	 1.34 	 351.92 	 900.56 	 567.0480954511969 	 0.0038348916272079904 	 -0.04747474747474748
1.6 	 1.36 	 317.96 	 821.37 	 515.1774405913724 	 0.00395880439891806 	 -0.04747474747474748
1.49 	 1.27 	 480.16 	 1195.27 	 761.3431897507339 	 0.003734507220623185 	 -0.04545454545454546
1.52 	 1.29 	 432.47 	 1086.32 	 689.3242970595501 	 0.0038560961270855685 	 -0.04545454545454546
1.55 	 1.32 	 389.91 	 988.5 	 624.8389109837867 	 0.003981131066564714 	 -0.04545454545454546
1.57 	 1.34 	 351.92 	 900.56 	 567.0480954511969 	 0.004109661639343826 	 -0.04545454545454546
1.6 	 1.36 	 317.96 	 821.37 	 515.1774405913724 	 0.0042418349393427875 	 -0.04545454545454546
1.49 	 1.27 	 480.16 	 1195.27 	 761.3431897507339 	 0.00400397107380482 	 -0.043434343434343436
1.52 	 1.29 	 432.47 	 1086.32 	 689.3242970595501 	 0.004133659355100691 	 -0.043434343434343436
1.55 	 1.32 	 389.91 	 988.5 	 624.8389109837867 	 0.004267023594785035 	 -0.043434343434343436
1.57 	 1.34 	 351.92 	 900.56 	 567.0480954511969 	 0.0044041189247870675 	 -0.043434343434343436
1.6 	 1.36 	 317.96 	 821.37 	 515.1774405913724 	 0.0045451004494050625 	 -0.043434343434343436
1.49 	 1.27 	 480.16 	 1195.27 	 761.3431897507339 	 0.004292878126284749 	 -0.04141414141414142
1.52 	 1.29 	 432.47 	 1086.32 	 689.3242970595501 	 0.004431201687112994 	 -0.04141414141414142
1.55 	 1.32 	 389.91 	 988.5 	 624.8389109837867 	 0.0045734466045005895 	 -0.04141414141414142
1.57 	 1.34 	 351.92 	 900.56 	 567.0480954511969 	 0.004719674076809036 	 -0.04141414141414142
1.6 	 1.36 	 317.96 	 821.37 	 515.1774405913724 	 0.004870047606893151 	 -0.04141414141414142
1.49 	 1.27 	 480.16 	 1195.27 	 761.3431897507339 	 0.004602631304631747 	 -0.0393939393939394
1.52 	 1.29 	 432.47 	 1086.32 	 689.3242970595501 	 0.004750161226430995 	 -0.0393939393939394
1.55 	 1.32 	 389.91 	 988.5 	 624.8389109837867 	 0.004901874428297297 	 -0.0393939393939394
1.57 	 1.34 	 351.92 	 900.56 	 567.0480954511969 	 0.005057838757698896 	 -0.0393939393939394
1.6 	 1.36 	 317.96 	 821.37 	 515.1774405913724 	 0.005218226518296257 	 -0.0393939393939394
1.49 	 1.27 	 480.16 	 1195.27 	 761.3431897507339 	 0.004934734763763233 	 -0.03737373737373738
1.52 	 1.29 	 432.47 	 1086.32 	 689.3242970595501 	 0.005092079591572206 	 -0.03737373737373738
1.55 	 1.32 	 389.91 	 988.5 	 624.8389109837867 	 0.005253887273363893 	 -0.03737373737373738
1.57 	 1.34 	 351.92 	 900.56 	 567.0480954511969 	 0.005420232940359498 	 -0.03737373737373738
1.6 	 1.36 	 317.96 	 821.37 	 515.1774405913724 	 0.005591298113330273 	 -0.03737373737373738
1.49 	 1.27 	 480.16 	 1195.27 	 761.3431897507339 	 0.0052908011910899186 	 -0.03535353535353536
1.52 	 1.29 	 432.47 	 1086.32 	 689.3242970595501 	 0.00545860936732625 	 -0.03535353535353536
1.55 	 1.32 	 389.91 	 988.5 	 624.8389109837867 	 0.005631178824546775 	 -0.03535353535353536
1.57 	 1.34 	 351.92 	 900.56 	 567.0480954511969 	 0.005808592668763594 	 -0.03535353535353536
1.6 	 1.36 	 317.96 	 821.37 	 515.1774405913724 	 0.005991042068127364 	 -0.03535353535353536
1.49 	 1.27 	 480.16 	 1195.27 	 761.3431897507339 	 0.005672559637691916 	 -0.03333333333333334
1.52 	 1.29 	 432.47 	 1086.32 	 689.3242970595501 	 0.0058515220921482244 	 -0.03333333333333334
1.55 	 1.32 	 389.91 	 988.5 	 624.8389109837867 	 0.006035564393394573 	 -0.03333333333333334
1.57 	 1.34 	 351.92 	 900.56 	 567.0480954511969 	 0.006224778374446825 	 -0.03333333333333334
1.6 	 1.36 	 317.96 	 821.37 	 515.1774405913724 	 0.006419365294885615 	 -0.03333333333333334
1.49 	 1.27 	 480.16 	 1195.27 	 761.3431897507339 	 0.006081863914554451 	 -0.03131313131313132
1.52 	 1.29 	 432.47 	 1086.32 	 689.3242970595501 	 0.006272716820487642 	 -0.03131313131313132
1.55 	 1.32 	 389.91 	 988.5 	 624.8389109837867 	 0.006468989652400944 	 -0.03131313131313132
1.57 	 1.34 	 351.92 	 900.56 	 567.0480954511969 	 0.0066707837888775046 	 -0.03131313131313132
1.6 	 1.36 	 317.96 	 821.37 	 515.1774405913724 	 0.006878311038477225 	 -0.03131313131313132
1.49 	 1.27 	 480.16 	 1195.27 	 761.3431897507339 	 0.00652070159463496 	 -0.0292929292929293
1.52 	 1.29 	 432.47 	 1086.32 	 689.3242970595501 	 0.006724229301436918 	 -0.0292929292929293
1.55 	 1.32 	 389.91 	 988.5 	 624.8389109837867 	 0.006933539996469837 	 -0.0292929292929293
1.57 	 1.34 	 351.92 	 900.56 	 567.0480954511969 	 0.007148745494397689 	 -0.0292929292929293
1.6 	 1.36 	 317.96 	 821.37 	 515.1774405913724 	 0.007370068623409087 	 -0.0292929292929293
1.49 	 1.27 	 480.16 	 1195.27 	 761.3431897507339 	 0.0069912036644755845 	 -0.027272727272727282
1.52 	 1.29 	 432.47 	 1086.32 	 689.3242970595501 	 0.007208241818062462 	 -0.027272727272727282
1.55 	 1.32 	 389.91 	 988.5 	 624.8389109837867 	 0.007431450576645212 	 -0.027272727272727282
1.57 	 1.34 	 351.92 	 900.56 	 567.0480954511969 	 0.007660953159489313 	 -0.027272727272727282
1.6 	 1.36 	 317.96 	 821.37 	 515.1774405913724 	 0.007896983897631996 	 -0.027272727272727282
1.49 	 1.27 	 480.16 	 1195.27 	 761.3431897507339 	 0.007495654872228986 	 -0.025252525252525262
1.52 	 1.29 	 432.47 	 1086.32 	 689.3242970595501 	 0.0077270937349743895 	 -0.025252525252525262
1.55 	 1.32 	 389.91 	 988.5 	 624.8389109837867 	 0.00796511705438184 	 -0.025252525252525262
1.57 	 1.34 	 351.92 	 900.56 	 567.0480954511969 	 0.008209860507397212 	 -0.025252525252525262
1.6 	 1.36 	 317.96 	 821.37 	 515.1774405913724 	 0.008461570423019057 	 -0.025252525252525262
1.49 	 1.27 	 480.16 	 1195.27 	 761.3431897507339 	 0.008036504822347287 	 -0.023232323232323243
1.52 	 1.29 	 432.47 	 1086.32 	 689.3242970595501 	 0.008283292805114252 	 -0.023232323232323243
1.55 	 1.32 	 389.91 	 988.5 	 624.8389109837867 	 0.008537107128100505 	 -0.023232323232323243
1.57 	 1.34 	 351.92 	 900.56 	 567.0480954511969 	 0.008798097070653998 	 -0.023232323232323243
1.6 	 1.36 	 317.96 	 821.37 	 515.1774405913724 	 0.009066521465895401 	 -0.023232323232323243
1.49 	 1.27 	 480.16 	 1195.27 	 761.3431897507339 	 0.008616379870809805 	 -0.021212121212121224
1.52 	 1.29 	 432.47 	 1086.32 	 689.3242970595501 	 0.008879527290409521 	 -0.021212121212121224
1.55 	 1.32 	 389.91 	 988.5 	 624.8389109837867 	 0.009150172887486928 	 -0.021212121212121224
1.57 	 1.34 	 351.92 	 900.56 	 567.0480954511969 	 0.009428480787816796 	 -0.021212121212121224
1.6 	 1.36 	 317.96 	 821.37 	 515.1774405913724 	 0.009714722844818311 	 -0.021212121212121224
1.49 	 1.27 	 480.16 	 1195.27 	 761.3431897507339 	 0.009238095878652364 	 -0.019191919191919204
1.52 	 1.29 	 432.47 	 1086.32 	 689.3242970595501 	 0.009518678954877284 	 -0.019191919191919204
1.55 	 1.32 	 389.91 	 988.5 	 624.8389109837867 	 0.009807264054976162 	 -0.019191919191919204
1.57 	 1.34 	 351.92 	 900.56 	 567.0480954511969 	 0.010104031502760204 	 -0.019191919191919204
1.6 	 1.36 	 317.96 	 821.37 	 515.1774405913724 	 0.010409266696895672 	 -0.019191919191919204
1.49 	 1.27 	 480.16 	 1195.27 	 761.3431897507339 	 0.009904671885729327 	 -0.01717171717171717
1.52 	 1.29 	 432.47 	 1086.32 	 689.3242970595501 	 0.010203836992976358 	 -0.01717171717171717
1.55 	 1.32 	 389.91 	 988.5 	 624.8389109837867 	 0.01051154217813296 	 -0.01717171717171717
1.57 	 1.34 	 351.92 	 900.56 	 567.0480954511969 	 0.01082798543119379 	 -0.01717171717171717
1.6 	 1.36 	 317.96 	 821.37 	 515.1774405913724 	 0.011153466228312961 	 -0.01717171717171717
1.49 	 1.27 	 480.16 	 1195.27 	 761.3431897507339 	 0.010619344771107505 	 -0.015151515151515152
1.52 	 1.29 	 432.47 	 1086.32 	 689.3242970595501 	 0.010938312960527306 	 -0.015151515151515152
1.55 	 1.32 	 389.91 	 988.5 	 624.8389109837867 	 0.011266395841213712 	 -0.015151515151515152
1.57 	 1.34 	 351.92 	 900.56 	 567.0480954511969 	 0.01160381066370548 	 -0.015151515151515152
1.6 	 1.36 	 317.96 	 821.37 	 515.1774405913724 	 0.011950871519433446 	 -0.015151515151515152
1.49 	 1.27 	 480.16 	 1195.27 	 761.3431897507339 	 0.011385584971282925 	 -0.013131313131313133
1.52 	 1.29 	 432.47 	 1086.32 	 689.3242970595501 	 0.01172565678036571 	 -0.013131313131313133
1.55 	 1.32 	 389.91 	 988.5 	 624.8389109837867 	 0.012075456969099374 	 -0.013131313131313133
1.57 	 1.34 	 351.92 	 900.56 	 567.0480954511969 	 0.012435223779598296 	 -0.013131313131313133
1.6 	 1.36 	 317.96 	 821.37 	 515.1774405913724 	 0.012805286459867523 	 -0.013131313131313133
1.49 	 1.27 	 480.16 	 1195.27 	 761.3431897507339 	 0.012207113332547372 	 -0.011111111111111113
1.52 	 1.29 	 432.47 	 1086.32 	 689.3242970595501 	 0.012569673900088172 	 -0.011111111111111113
1.55 	 1.32 	 389.91 	 988.5 	 624.8389109837867 	 0.0129426183020445 	 -0.011111111111111113
1.57 	 1.34 	 351.92 	 900.56 	 567.0480954511969 	 0.013326207651108556 	 -0.011111111111111113
1.6 	 1.36 	 317.96 	 821.37 	 515.1774405913724 	 0.01372078689429672 	 -0.011111111111111113
1.49 	 1.27 	 480.16 	 1195.27 	 761.3431897507339 	 0.01308791917933971 	 -0.009090909090909094
1.52 	 1.29 	 432.47 	 1086.32 	 689.3242970595501 	 0.013474443684819348 	 -0.009090909090909094
1.55 	 1.32 	 389.91 	 988.5 	 624.8389109837867 	 0.013872052125321 	 -0.009090909090909094
1.57 	 1.34 	 351.92 	 900.56 	 567.0480954511969 	 0.014281030523296365 	 -0.009090909090909094
1.6 	 1.36 	 317.96 	 821.37 	 515.1774405913724 	 0.014701740065614468 	 -0.009090909090909094
1.49 	 1.27 	 480.16 	 1195.27 	 761.3431897507339 	 0.014032279686321458 	 -0.007070707070707075
1.52 	 1.29 	 432.47 	 1086.32 	 689.3242970595501 	 0.014444339133897038 	 -0.007070707070707075
1.55 	 1.32 	 389.91 	 988.5 	 624.8389109837867 	 0.014868230343872907 	 -0.007070707070707075
1.57 	 1.34 	 351.92 	 900.56 	 567.0480954511969 	 0.015304266461010532 	 -0.007070707070707075
1.6 	 1.36 	 317.96 	 821.37 	 515.1774405913724 	 0.01575282544813348 	 -0.007070707070707075
1.49 	 1.27 	 480.16 	 1195.27 	 761.3431897507339 	 0.015044780648246917 	 -0.005050505050505055
1.52 	 1.29 	 432.47 	 1086.32 	 689.3242970595501 	 0.015484048016771751 	 -0.005050505050505055
1.55 	 1.32 	 389.91 	 988.5 	 624.8389109837867 	 0.01593594599856996 	 -0.005050505050505055
1.57 	 1.34 	 351.92 	 900.56 	 567.0480954511969 	 0.016400817260878508 	 -0.005050505050505055
1.6 	 1.36 	 317.96 	 821.37 	 515.1774405913724 	 0.016879057070241423 	 -0.005050505050505055
1.49 	 1.27 	 480.16 	 1195.27 	 761.3431897507339 	 0.01613033874848607 	 -0.003030303030303036
1.52 	 1.29 	 432.47 	 1086.32 	 689.3242970595501 	 0.016598595530275928 	 -0.003030303030303036
1.55 	 1.32 	 389.91 	 988.5 	 624.8389109837867 	 0.017080336327583902 	 -0.003030303030303036
1.57 	 1.34 	 351.92 	 900.56 	 567.0480954511969 	 0.01757593593329067 	 -0.003030303030303036
1.6 	 1.36 	 317.96 	 821.37 	 515.1774405913724 	 0.01808580743299132 	 -0.003030303030303036
1.49 	 1.27 	 480.16 	 1195.27 	 761.3431897507339 	 0.017294225434335547 	 -0.0010101010101010166
1.52 	 1.29 	 432.47 	 1086.32 	 689.3242970595501 	 0.01779336858677202 	 -0.0010101010101010166
1.55 	 1.32 	 389.91 	 988.5 	 624.8389109837867 	 0.018306907483845777 	 -0.0010101010101010166
1.57 	 1.34 	 351.92 	 900.56 	 567.0480954511969 	 0.01883525186686894 	 -0.0010101010101010166
1.6 	 1.36 	 317.96 	 821.37 	 515.1774405913724 	 0.019378833138726105 	 -0.0010101010101010166
1.49 	 1.27 	 480.16 	 1195.27 	 761.3431897507339 	 0.018542092515055827 	 0.0010101010101010027
1.52 	 1.29 	 432.47 	 1086.32 	 689.3242970595501 	 0.019074141850570315 	 0.0010101010101010027
1.55 	 1.32 	 389.91 	 988.5 	 624.8389109837867 	 0.019621561027510278 	 0.0010101010101010027
1.57 	 1.34 	 351.92 	 900.56 	 567.0480954511969 	 0.02018479779596968 	 0.0010101010101010027
1.6 	 1.36 	 317.96 	 821.37 	 515.1774405913724 	 0.020764302351994945 	 0.0010101010101010027
1.49 	 1.27 	 480.16 	 1195.27 	 761.3431897507339 	 0.019879999606938096 	 0.003030303030303022
1.52 	 1.29 	 432.47 	 1086.32 	 689.3242970595501 	 0.02044710564845779 	 0.003030303030303022
1.55 	 1.32 	 389.91 	 988.5 	 624.8389109837867 	 0.02103062232089411 	 0.003030303030303022
1.57 	 1.34 	 351.92 	 900.56 	 567.0480954511969 	 0.021631038700408448 	 0.003030303030303022
1.6 	 1.36 	 317.96 	 821.37 	 515.1774405913724 	 0.022248824223758488 	 0.003030303030303022
1.49 	 1.27 	 480.16 	 1195.27 	 761.3431897507339 	 0.02131444355867345 	 0.005050505050505041
1.52 	 1.29 	 432.47 	 1086.32 	 689.3242970595501 	 0.021918895889237303 	 0.005050505050505041
1.55 	 1.32 	 389.91 	 988.5 	 624.8389109837867 	 0.022540870962508227 	 0.005050505050505041
1.57 	 1.34 	 351.92 	 900.56 	 567.0480954511969 	 0.023180902775850165 	 0.005050505050505041
1.6 	 1.36 	 317.96 	 821.37 	 515.1774405913724 	 0.02383948041924672 	 0.005050505050505041
1.49 	 1.27 	 480.16 	 1195.27 	 761.3431897507339 	 0.022852389999913472 	 0.007070707070707061
1.52 	 1.29 	 432.47 	 1086.32 	 689.3242970595501 	 0.023496626136886065 	 0.007070707070707061
1.55 	 1.32 	 389.91 	 988.5 	 624.8389109837867 	 0.024159573406615446 	 0.007070707070707061
1.57 	 1.34 	 351.92 	 900.56 	 567.0480954511969 	 0.024841814623228032 	 0.007070707070707061
1.6 	 1.36 	 317.96 	 821.37 	 515.1774405913724 	 0.02554385889986781 	 0.007070707070707061
1.49 	 1.27 	 480.16 	 1195.27 	 761.3431897507339 	 0.0245013071662213 	 0.00909090909090908
1.52 	 1.29 	 432.47 	 1086.32 	 689.3242970595501 	 0.025187921992352136 	 0.00909090909090908
1.55 	 1.32 	 389.91 	 988.5 	 624.8389109837867 	 0.02589451792525992 	 0.00909090909090908
1.57 	 1.34 	 351.92 	 900.56 	 567.0480954511969 	 0.026621730816184467 	 0.00909090909090908
1.6 	 1.36 	 317.96 	 821.37 	 515.1774405913724 	 0.027370090120318716 	 0.00909090909090908
1.49 	 1.27 	 480.16 	 1195.27 	 761.3431897507339 	 0.026269202164666387 	 0.0111111111111111
1.52 	 1.29 	 432.47 	 1086.32 	 689.3242970595501 	 0.027000957950165327 	 0.0111111111111111
1.55 	 1.32 	 389.91 	 988.5 	 624.8389109837867 	 0.027754052080985914 	 0.0111111111111111
1.57 	 1.34 	 351.92 	 900.56 	 567.0480954511969 	 0.02852917801691945 	 0.0111111111111111
1.6 	 1.36 	 317.96 	 821.37 	 515.1774405913724 	 0.02932688581357005 	 0.0111111111111111
1.49 	 1.27 	 480.16 	 1195.27 	 761.3431897507339 	 0.02816465985616796 	 0.013131313131313133
1.52 	 1.29 	 432.47 	 1086.32 	 689.3242970595501 	 0.0289444969080006 	 0.013131313131313133
1.55 	 1.32 	 389.91 	 988.5 	 624.8389109837867 	 0.02974712289054315 	 0.013131313131313133
1.57 	 1.34 	 351.92 	 900.56 	 567.0480954511969 	 0.030573293823039784 	 0.013131313131313133
1.6 	 1.36 	 317.96 	 821.37 	 515.1774405913724 	 0.03142358054874249 	 0.013131313131313133
1.49 	 1.27 	 480.16 	 1195.27 	 761.3431897507339 	 0.030196884543399034 	 0.015151515151515152
1.52 	 1.29 	 432.47 	 1086.32 	 689.3242970595501 	 0.0310279325201544 	 0.015151515151515152
1.55 	 1.32 	 389.91 	 988.5 	 624.8389109837867 	 0.031883319872823467 	 0.015151515151515152
1.57 	 1.34 	 351.92 	 900.56 	 567.0480954511969 	 0.03276387054108518 	 0.015151515151515152
1.6 	 1.36 	 317.96 	 821.37 	 515.1774405913724 	 0.033670176260119665 	 0.015151515151515152
1.49 	 1.27 	 480.16 	 1195.27 	 761.3431897507339 	 0.032375744666686565 	 0.01717171717171717
1.52 	 1.29 	 432.47 	 1086.32 	 689.3242970595501 	 0.03326133459964004 	 0.01717171717171717
1.55 	 1.32 	 389.91 	 988.5 	 624.8389109837867 	 0.034172921188151184 	 0.01717171717171717
1.57 	 1.34 	 351.92 	 900.56 	 567.0480954511969 	 0.035111402096428046 	 0.01717171717171717
1.6 	 1.36 	 317.96 	 821.37 	 515.1774405913724 	 0.036077389959715926 	 0.01717171717171717
1.49 	 1.27 	 480.16 	 1195.27 	 761.3431897507339 	 0.03471182072495009 	 0.01919191919191919
1.52 	 1.29 	 432.47 	 1086.32 	 689.3242970595501 	 0.0356554977883427 	 0.01919191919191919
1.55 	 1.32 	 389.91 	 988.5 	 624.8389109837867 	 0.03662694309092279 	 0.01919191919191919
1.57 	 1.34 	 351.92 	 900.56 	 567.0480954511969 	 0.03762713430426768 	 0.01919191919191919
1.6 	 1.36 	 317.96 	 821.37 	 515.1774405913724 	 0.038656704861003435 	 0.01919191919191919
1.49 	 1.27 	 480.16 	 1195.27 	 761.3431897507339 	 0.037216456654381856 	 0.02121212121212121
1.52 	 1.29 	 432.47 	 1086.32 	 689.3242970595501 	 0.03822199373047014 	 0.02121212121212121
1.55 	 1.32 	 389.91 	 988.5 	 624.8389109837867 	 0.0392571929335338 	 0.02121212121212121
1.57 	 1.34 	 351.92 	 900.56 	 567.0480954511969 	 0.04032311874254175 	 0.02121212121212121
1.6 	 1.36 	 317.96 	 821.37 	 515.1774405913724 	 0.041420425157676646 	 0.02121212121212121
1.49 	 1.27 	 480.16 	 1195.27 	 761.3431897507339 	 0.03990181491436229 	 0.02323232323232323
1.52 	 1.29 	 432.47 	 1086.32 	 689.3242970595501 	 0.04097322700146782 	 0.02323232323232323
1.55 	 1.32 	 389.91 	 988.5 	 624.8389109837867 	 0.04207632597661782 	 0.02323232323232323
1.57 	 1.34 	 351.92 	 900.56 	 567.0480954511969 	 0.043212270484832144 	 0.02323232323232323
1.6 	 1.36 	 317.96 	 821.37 	 515.1774405913724 	 0.04438173471876611 	 0.02323232323232323
1.49 	 1.27 	 480.16 	 1195.27 	 761.3431897507339 	 0.042780935548106885 	 0.02525252525252525
1.52 	 1.29 	 432.47 	 1086.32 	 689.3242970595501 	 0.04392249506271794 	 0.02525252525252525
1.55 	 1.32 	 389.91 	 988.5 	 624.8389109837867 	 0.04509790627893567 	 0.02525252525252525
1.57 	 1.34 	 351.92 	 900.56 	 567.0480954511969 	 0.046308429969834045 	 0.02525252525252525
1.6 	 1.36 	 317.96 	 821.37 	 515.1774405913724 	 0.04755475998009809 	 0.02525252525252525
1.49 	 1.27 	 480.16 	 1195.27 	 761.3431897507339 	 0.04586779950484181 	 0.027272727272727254
1.52 	 1.29 	 432.47 	 1086.32 	 689.3242970595501 	 0.0470840525318001 	 0.027272727272727254
1.55 	 1.32 	 389.91 	 988.5 	 624.8389109837867 	 0.04833647195988254 	 0.027272727272727254
1.57 	 1.34 	 351.92 	 900.56 	 567.0480954511969 	 0.04962642930377258 	 0.027272727272727254
1.6 	 1.36 	 317.96 	 821.37 	 515.1774405913724 	 0.05095463733211216 	 0.027272727272727254
1.49 	 1.27 	 480.16 	 1195.27 	 761.3431897507339 	 0.049177396530999076 	 0.029292929292929287
1.52 	 1.29 	 432.47 	 1086.32 	 689.3242970595501 	 0.050473180078949076 	 0.029292929292929287
1.55 	 1.32 	 389.91 	 988.5 	 624.8389109837867 	 0.05180760514861875 	 0.029292929292929287
1.57 	 1.34 	 351.92 	 900.56 	 567.0480954511969 	 0.053182163313388764 	 0.029292929292929287
1.6 	 1.36 	 317.96 	 821.37 	 515.1774405913724 	 0.05459758532550005 	 0.029292929292929287
1.49 	 1.27 	 480.16 	 1195.27 	 761.3431897507339 	 0.052725797960109955 	 0.03131313131313132
1.52 	 1.29 	 432.47 	 1086.32 	 689.3242970595501 	 0.05410625828270486 	 0.03131313131313132
1.55 	 1.32 	 389.91 	 988.5 	 624.8389109837867 	 0.05552800695637922 	 0.03131313131313132
1.57 	 1.34 	 351.92 	 900.56 	 567.0480954511969 	 0.05699266568987153 	 0.03131313131313132
1.6 	 1.36 	 317.96 	 821.37 	 515.1774405913724 	 0.05850098203911002 	 0.03131313131313132
1.49 	 1.27 	 480.16 	 1195.27 	 761.3431897507339 	 0.056530234754862414 	 0.033333333333333326
1.52 	 1.29 	 432.47 	 1086.32 	 689.3242970595501 	 0.05800084680172033 	 0.033333333333333326
1.55 	 1.32 	 389.91 	 988.5 	 624.8389109837867 	 0.05951557783268623 	 0.033333333333333326
1.57 	 1.34 	 351.92 	 900.56 	 567.0480954511969 	 0.06107619058850358 	 0.033333333333333326
1.6 	 1.36 	 317.96 	 821.37 	 515.1774405913724 	 0.0626834479791882 	 0.033333333333333326
1.49 	 1.27 	 480.16 	 1195.27 	 761.3431897507339 	 0.06060918118029351 	 0.03535353535353536
1.52 	 1.29 	 432.47 	 1086.32 	 689.3242970595501 	 0.06217576924538457 	 0.03535353535353536
1.55 	 1.32 	 389.91 	 988.5 	 624.8389109837867 	 0.06378950369209341 	 0.03535353535353536
1.57 	 1.34 	 351.92 	 900.56 	 567.0480954511969 	 0.0654523000749226 	 0.03535353535353536
1.6 	 1.36 	 317.96 	 821.37 	 515.1774405913724 	 0.06716493490541357 	 0.03535353535353536
1.49 	 1.27 	 480.16 	 1195.27 	 761.3431897507339 	 0.06498244451443169 	 0.037373737373737365
1.52 	 1.29 	 432.47 	 1086.32 	 689.3242970595501 	 0.06665120415346487 	 0.037373737373737365
1.55 	 1.32 	 389.91 	 988.5 	 624.8389109837867 	 0.06837034822585258 	 0.037373737373737365
1.57 	 1.34 	 351.92 	 900.56 	 567.0480954511969 	 0.0701419578369069 	 0.037373737373737365
1.6 	 1.36 	 317.96 	 821.37 	 515.1774405913724 	 0.07196682100745645 	 0.037373737373737365
1.49 	 1.27 	 480.16 	 1195.27 	 761.3431897507339 	 0.06967126123202223 	 0.0393939393939394
1.52 	 1.29 	 432.47 	 1086.32 	 689.3242970595501 	 0.07144878252449816 	 0.0393939393939394
1.55 	 1.32 	 389.91 	 988.5 	 624.8389109837867 	 0.07328015184265725 	 0.0393939393939394
1.57 	 1.34 	 351.92 	 900.56 	 567.0480954511969 	 0.07516762961061225 	 0.0393939393939394
1.6 	 1.36 	 317.96 	 821.37 	 515.1774405913724 	 0.07711201288608442 	 0.0393939393939394
1.49 	 1.27 	 480.16 	 1195.27 	 761.3431897507339 	 0.07469840012840168 	 0.0414141414141414
1.52 	 1.29 	 432.47 	 1086.32 	 689.3242970595501 	 0.07659169236431036 	 0.0414141414141414
1.55 	 1.32 	 389.91 	 988.5 	 624.8389109837867 	 0.07854253771450545 	 0.0414141414141414
1.57 	 1.34 	 351.92 	 900.56 	 567.0480954511969 	 0.08055339080234816 	 0.0414141414141414
1.6 	 1.36 	 317.96 	 821.37 	 515.1774405913724 	 0.08262505482530012 	 0.0414141414141414
1.49 	 1.27 	 480.16 	 1195.27 	 761.3431897507339 	 0.08008827288428938 	 0.043434343434343436
1.52 	 1.29 	 432.47 	 1086.32 	 689.3242970595501 	 0.08210479075997891 	 0.043434343434343436
1.55 	 1.32 	 389.91 	 988.5 	 624.8389109837867 	 0.08418282543791764 	 0.043434343434343436
1.57 	 1.34 	 351.92 	 900.56 	 567.0480954511969 	 0.0863250418214562 	 0.043434343434343436
1.6 	 1.36 	 317.96 	 821.37 	 515.1774405913724 	 0.08853224587677483 	 0.043434343434343436
1.49 	 1.27 	 480.16 	 1195.27 	 761.3431897507339 	 0.08586705260839485 	 0.04545454545454544
1.52 	 1.29 	 432.47 	 1086.32 	 689.3242970595501 	 0.08801472402091916 	 0.04545454545454544
1.55 	 1.32 	 389.91 	 988.5 	 624.8389109837867 	 0.09022815285737977 	 0.04545454545454544
1.57 	 1.34 	 351.92 	 900.56 	 567.0480954511969 	 0.09251023167678905 	 0.04545454545454544
1.6 	 1.36 	 317.96 	 821.37 	 515.1774405913724 	 0.09486176531510987 	 0.04545454545454544
1.49 	 1.27 	 480.16 	 1195.27 	 761.3431897507339 	 0.0920628009334837 	 0.047474747474747475
1.52 	 1.29 	 432.47 	 1086.32 	 689.3242970595501 	 0.09435005646777143 	 0.047474747474747475
1.55 	 1.32 	 389.91 	 988.5 	 624.8389109837867 	 0.09670760663715815 	 0.047474747474747475
1.57 	 1.34 	 351.92 	 900.56 	 567.0480954511969 	 0.09913859042887893 	 0.047474747474747475
1.6 	 1.36 	 317.96 	 821.37 	 515.1774405913724 	 0.10164380706239014 	 0.047474747474747475
1.49 	 1.27 	 480.16 	 1195.27 	 761.3431897507339 	 0.09870560428307536 	 0.04949494949494948
1.52 	 1.29 	 432.47 	 1086.32 	 689.3242970595501 	 0.10114140849155939 	 0.04949494949494948
1.55 	 1.32 	 389.91 	 988.5 	 624.8389109837867 	 0.10365236220972221 	 0.04949494949494948
1.57 	 1.34 	 351.92 	 900.56 	 567.0480954511969 	 0.10624187113230386 	 0.04949494949494948
1.6 	 1.36 	 317.96 	 821.37 	 515.1774405913724 	 0.10891072372327822 	 0.04949494949494948
1.49 	 1.27 	 480.16 	 1195.27 	 761.3431897507339 	 0.1058277199704835 	 0.051515151515151514
1.52 	 1.29 	 432.47 	 1086.32 	 689.3242970595501 	 0.10842160455039865 	 0.051515151515151514
1.55 	 1.32 	 389.91 	 988.5 	 624.8389109837867 	 0.11109583377412775 	 0.051515151515151514
1.57 	 1.34 	 351.92 	 900.56 	 567.0480954511969 	 0.11385410194822668 	 0.051515151515151514
1.6 	 1.36 	 317.96 	 821.37 	 515.1774405913724 	 0.11669718091774636 	 0.051515151515151514
1.49 	 1.27 	 480.16 	 1195.27 	 761.3431897507339 	 0.11346373283964986 	 0.05353535353535352
1.52 	 1.29 	 432.47 	 1086.32 	 689.3242970595501 	 0.11622583181906178 	 0.05353535353535352
1.55 	 1.32 	 389.91 	 988.5 	 624.8389109837867 	 0.11907383506606621 	 0.05353535353535352
1.57 	 1.34 	 351.92 	 900.56 	 567.0480954511969 	 0.12201174915579717 	 0.05353535353535352
1.6 	 1.36 	 317.96 	 821.37 	 515.1774405913724 	 0.12504032264766318 	 0.05353535353535352
1.49 	 1.27 	 480.16 	 1195.27 	 761.3431897507339 	 0.1216507232084198 	 0.05555555555555555
1.52 	 1.29 	 432.47 	 1086.32 	 689.3242970595501 	 0.12459181025819989 	 0.05555555555555555
1.55 	 1.32 	 389.91 	 988.5 	 624.8389109837867 	 0.1276247516731153 	 0.05555555555555555
1.57 	 1.34 	 351.92 	 900.56 	 567.0480954511969 	 0.13075389184332362 	 0.05555555555555555
1.6 	 1.36 	 317.96 	 821.37 	 515.1774405913724 	 0.1339799484860912 	 0.05555555555555555
1.49 	 1.27 	 480.16 	 1195.27 	 761.3431897507339 	 0.13042844692978475 	 0.05757575757575756
1.52 	 1.29 	 432.47 	 1086.32 	 689.3242970595501 	 0.13355997492520744 	 0.05757575757575756
1.55 	 1.32 	 389.91 	 988.5 	 624.8389109837867 	 0.13678972572427148 	 0.05757575757575756
1.57 	 1.34 	 351.92 	 900.56 	 567.0480954511969 	 0.14012240911606705 	 0.05757575757575756
1.6 	 1.36 	 317.96 	 821.37 	 515.1774405913724 	 0.14355870343454452 	 0.05757575757575756
1.49 	 1.27 	 480.16 	 1195.27 	 761.3431897507339 	 0.1398395284454691 	 0.05959595959595959
1.52 	 1.29 	 432.47 	 1086.32 	 689.3242970595501 	 0.1431736714078929 	 0.05959595959595959
1.55 	 1.32 	 389.91 	 988.5 	 624.8389109837867 	 0.14661285384238726 	 0.05959595959595959
1.57 	 1.34 	 351.92 	 900.56 	 567.0480954511969 	 0.1501621807174762 	 0.05959595959595959
1.6 	 1.36 	 317.96 	 821.37 	 515.1774405913724 	 0.15382228135389234 	 0.05959595959595959
1.49 	 1.27 	 480.16 	 1195.27 	 761.3431897507339 	 0.1499296677693209 	 0.0616161616161616
1.52 	 1.29 	 432.47 	 1086.32 	 689.3242970595501 	 0.15347936532553552 	 0.0616161616161616
1.55 	 1.32 	 389.91 	 988.5 	 624.8389109837867 	 0.1571413993119452 	 0.0616161616161616
1.57 	 1.34 	 351.92 	 900.56 	 567.0480954511969 	 0.16092130202493377 	 0.0616161616161616
1.6 	 1.36 	 317.96 	 821.37 	 515.1774405913724 	 0.16481964293933826 	 0.0616161616161616
1.49 	 1.27 	 480.16 	 1195.27 	 761.3431897507339 	 0.16074786240561942 	 0.06363636363636363
1.52 	 1.29 	 432.47 	 1086.32 	 689.3242970595501 	 0.16452686690990745 	 0.06363636363636363
1.55 	 1.32 	 389.91 	 988.5 	 624.8389109837867 	 0.16842601948300054 	 0.06363636363636363
1.57 	 1.34 	 351.92 	 900.56 	 567.0480954511969 	 0.1724513144499517 	 0.06363636363636363
1.6 	 1.36 	 317.96 	 821.37 	 515.1774405913724 	 0.17660324927929294 	 0.06363636363636363
1.49 	 1.27 	 480.16 	 1195.27 	 761.3431897507339 	 0.1723466452799236 	 0.06565656565656566
1.52 	 1.29 	 432.47 	 1086.32 	 689.3242970595501 	 0.17636957175171944 	 0.06565656565656566
1.55 	 1.32 	 389.91 	 988.5 	 624.8389109837867 	 0.18052100950542901 	 0.06565656565656566
1.57 	 1.34 	 351.92 	 900.56 	 567.0480954511969 	 0.18480745234654006 	 0.06565656565656566
1.6 	 1.36 	 317.96 	 821.37 	 515.1774405913724 	 0.1892293121122892 	 0.06565656565656566
1.49 	 1.27 	 480.16 	 1195.27 	 761.3431897507339 	 0.1847823398378542 	 0.06767676767676767
1.52 	 1.29 	 432.47 	 1086.32 	 689.3242970595501 	 0.18906471887608603 	 0.06767676767676767
1.55 	 1.32 	 389.91 	 988.5 	 624.8389109837867 	 0.193484563566191 	 0.06767676767676767
1.57 	 1.34 	 351.92 	 900.56 	 567.0480954511969 	 0.19804890761056318 	 0.06767676767676767
1.6 	 1.36 	 317.96 	 821.37 	 515.1774405913724 	 0.2027580619757523 	 0.06767676767676767
1.49 	 1.27 	 480.16 	 1195.27 	 761.3431897507339 	 0.19811533355056093 	 0.0696969696969697
1.52 	 1.29 	 432.47 	 1086.32 	 689.3242970595501 	 0.20267366739435877 	 0.0696969696969697
1.55 	 1.32 	 389.91 	 988.5 	 624.8389109837867 	 0.20737905488653732 	 0.0696969696969697
1.57 	 1.34 	 351.92 	 900.56 	 567.0480954511969 	 0.21223911323764186 	 0.0696969696969697
1.6 	 1.36 	 317.96 	 821.37 	 515.1774405913724 	 0.21725403552578462 	 0.0696969696969697
1.49 	 1.27 	 480.16 	 1195.27 	 761.3431897507339 	 0.21241037115501088 	 0.07171717171717171
1.52 	 1.29 	 432.47 	 1086.32 	 689.3242970595501 	 0.2172621930694586 	 0.07171717171717171
1.55 	 1.32 	 389.91 	 988.5 	 624.8389109837867 	 0.2222713358263385 	 0.07171717171717171
1.57 	 1.34 	 351.92 	 900.56 	 567.0480954511969 	 0.2274460471979797 	 0.07171717171717171
1.6 	 1.36 	 317.96 	 821.37 	 515.1774405913724 	 0.23278638339857163 	 0.07171717171717171
1.49 	 1.27 	 480.16 	 1195.27 	 761.3431897507339 	 0.22773686905307072 	 0.07373737373737374
1.52 	 1.29 	 432.47 	 1086.32 	 689.3242970595501 	 0.23290080622809423 	 0.07373737373737374
1.55 	 1.32 	 389.91 	 988.5 	 624.8389109837867 	 0.23823305953947738 	 0.07373737373737374
1.57 	 1.34 	 351.92 	 900.56 	 567.0480954511969 	 0.24374255808382625 	 0.07373737373737374
1.6 	 1.36 	 317.96 	 821.37 	 515.1774405913724 	 0.24942920008201838 	 0.07373737373737374
1.49 	 1.27 	 480.16 	 1195.27 	 761.3431897507339 	 0.2441692523960921 	 0.07575757575757575
1.52 	 1.29 	 432.47 	 1086.32 	 689.3242970595501 	 0.24966509255641578 	 0.07575757575757575
1.55 	 1.32 	 389.91 	 988.5 	 624.8389109837867 	 0.25534102472791664 	 0.07575757575757575
1.57 	 1.34 	 351.92 	 900.56 	 567.0480954511969 	 0.26120671408957813 	 0.07575757575757575
1.6 	 1.36 	 317.96 	 821.37 	 515.1774405913724 	 0.2672618773712054 	 0.07575757575757575
1.49 	 1.27 	 480.16 	 1195.27 	 761.3431897507339 	 0.2617873164918823 	 0.07777777777777778
1.52 	 1.29 	 432.47 	 1086.32 	 689.3242970595501 	 0.2676360784262698 	 0.07777777777777778
1.55 	 1.32 	 389.91 	 988.5 	 624.8389109837867 	 0.2736775451532095 	 0.07777777777777778
1.57 	 1.34 	 351.92 	 900.56 	 567.0480954511969 	 0.27992217699631194 	 0.07777777777777778
1.6 	 1.36 	 317.96 	 821.37 	 515.1774405913724 	 0.2863694830937749 	 0.07777777777777778
1.49 	 1.27 	 480.16 	 1195.27 	 761.3431897507339 	 0.2806766142890386 	 0.07979797979797978
1.52 	 1.29 	 432.47 	 1086.32 	 689.3242970595501 	 0.28690062251777 	 0.07979797979797978
1.55 	 1.32 	 389.91 	 988.5 	 624.8389109837867 	 0.29333084568332657 	 0.07979797979797978
1.57 	 1.34 	 351.92 	 900.56 	 567.0480954511969 	 0.29997860295230766 	 0.07979797979797978
1.6 	 1.36 	 317.96 	 821.37 	 515.1774405913724 	 0.3068431669118819 	 0.07979797979797978
1.49 	 1.27 	 480.16 	 1195.27 	 761.3431897507339 	 0.30092887182026895 	 0.08181818181818182
1.52 	 1.29 	 432.47 	 1086.32 	 689.3242970595501 	 0.30755183563100935 	 0.08181818181818182
1.55 	 1.32 	 389.91 	 988.5 	 624.8389109837867 	 0.3143954867803539 	 0.08181818181818182
1.57 	 1.34 	 351.92 	 900.56 	 567.0480954511969 	 0.32147207196950295 	 0.08181818181818182
1.6 	 1.36 	 317.96 	 821.37 	 515.1774405913724 	 0.32878059513653474 	 0.08181818181818182
1.49 	 1.27 	 480.16 	 1195.27 	 761.3431897507339 	 0.3226424336220747 	 0.08383838383838382
1.52 	 1.29 	 432.47 	 1086.32 	 689.3242970595501 	 0.3296895307159701 	 0.08383838383838382
1.55 	 1.32 	 389.91 	 988.5 	 624.8389109837867 	 0.33697281947145047 	 0.08383838383838382
1.57 	 1.34 	 351.92 	 900.56 	 567.0480954511969 	 0.3445055481933673 	 0.08383838383838382
1.6 	 1.36 	 317.96 	 821.37 	 515.1774405913724 	 0.3522864166285205 	 0.08383838383838382
1.49 	 1.27 	 480.16 	 1195.27 	 761.3431897507339 	 0.34592274029375314 	 0.08585858585858586
1.52 	 1.29 	 432.47 	 1086.32 	 689.3242970595501 	 0.3534207052957595 	 0.08585858585858586
1.55 	 1.32 	 389.91 	 988.5 	 624.8389109837867 	 0.36117147299213276 	 0.08585858585858586
1.57 	 1.34 	 351.92 	 900.56 	 567.0480954511969 	 0.36918937315112027 	 0.08585858585858586
1.6 	 1.36 	 317.96 	 821.37 	 515.1774405913724 	 0.37747276200843133 	 0.08585858585858586
1.49 	 1.27 	 480.16 	 1195.27 	 761.3431897507339 	 0.37088284051472636 	 0.08787878787878786
1.52 	 1.29 	 432.47 	 1086.32 	 689.3242970595501 	 0.37886005861484073 	 0.08787878787878786
1.55 	 1.32 	 389.91 	 988.5 	 624.8389109837867 	 0.3871078774481347 	 0.08787878787878786
1.57 	 1.34 	 351.92 	 900.56 	 567.0480954511969 	 0.39564179434118363 	 0.08787878787878786
1.6 	 1.36 	 317.96 	 821.37 	 515.1774405913724 	 0.40445977855717985 	 0.08787878787878786
1.49 	 1.27 	 480.16 	 1195.27 	 761.3431897507339 	 0.39764394000655473 	 0.0898989898989899
1.52 	 1.29 	 432.47 	 1086.32 	 689.3242970595501 	 0.40613054601179593 	 0.0898989898989899
1.55 	 1.32 	 389.91 	 988.5 	 624.8389109837867 	 0.41490682401061174 	 0.0898989898989899
1.57 	 1.34 	 351.92 	 900.56 	 567.0480954511969 	 0.423989531696077 	 0.0898989898989899
1.6 	 1.36 	 317.96 	 821.37 	 515.1774405913724 	 0.4333762033586653 	 0.0898989898989899
1.49 	 1.27 	 480.16 	 1195.27 	 761.3431897507339 	 0.4263359901053659 	 0.0919191919191919
1.52 	 1.29 	 432.47 	 1086.32 	 689.3242970595501 	 0.43536397319603376 	 0.0919191919191919
1.55 	 1.32 	 389.91 	 988.5 	 624.8389109837867 	 0.4447020653400093 	 0.0919191919191919
1.57 	 1.34 	 351.92 	 900.56 	 567.0480954511969 	 0.45436838463237617 	 0.0919191919191919
1.6 	 1.36 	 317.96 	 821.37 	 515.1774405913724 	 0.464359977418667 	 0.0919191919191919
1.49 	 1.27 	 480.16 	 1195.27 	 761.3431897507339 	 0.4570983188028128 	 0.09393939393939393
1.52 	 1.29 	 432.47 	 1086.32 	 689.3242970595501 	 0.4667016333007658 	 0.09393939393939393
1.55 	 1.32 	 389.91 	 988.5 	 624.8389109837867 	 0.4766369591275074 	 0.09393939393939393
1.57 	 1.34 	 351.92 	 900.56 	 567.0480954511969 	 0.4869238825958149 	 0.09393939393939393
1.6 	 1.36 	 317.96 	 821.37 	 515.1774405913724 	 0.49755890368952266 	 0.09393939393939393
1.49 	 1.27 	 480.16 	 1195.27 	 761.3431897507339 	 0.49008030731986785 	 0.09595959595959597
1.52 	 1.29 	 432.47 	 1086.32 	 689.3242970595501 	 0.5002949897912841 	 0.09595959595959597
1.55 	 1.32 	 389.91 	 988.5 	 624.8389109837867 	 0.5108651578503877 	 0.09595959595959597
1.57 	 1.34 	 351.92 	 900.56 	 567.0480954511969 	 0.5218119822179388 	 0.09595959595959597
1.6 	 1.36 	 317.96 	 821.37 	 515.1774405913724 	 0.5331313521395818 	 0.09595959595959597
1.49 	 1.27 	 480.16 	 1195.27 	 761.3431897507339 	 0.5254421154988901 	 0.09797979797979797
1.52 	 1.29 	 432.47 	 1086.32 	 689.3242970595501 	 0.5363064085292325 	 0.09797979797979797
1.55 	 1.32 	 389.91 	 988.5 	 624.8389109837867 	 0.5475513480600327 	 0.09797979797979797
1.57 	 1.34 	 351.92 	 900.56 	 567.0480954511969 	 0.5591998144240425 	 0.09797979797979797
1.6 	 1.36 	 317.96 	 821.37 	 515.1774405913724 	 0.5712470152308599 	 0.09797979797979797
1.49 	 1.27 	 480.16 	 1195.27 	 761.3431897507339 	 0.5633554595364506 	 0.1
1.52 	 1.29 	 432.47 	 1086.32 	 689.3242970595501 	 0.5749099425311403 	 0.1
1.55 	 1.32 	 389.91 	 988.5 	 624.8389109837867 	 0.5868720427595935 	 0.1
1.57 	 1.34 	 351.92 	 900.56 	 567.0480954511969 	 0.5992664850714 	 0.1
1.6 	 1.36 	 317.96 	 821.37 	 515.1774405913724 	 0.6120877174087673 	 0.1
