1.36 	 1.16 	 371.09 	 990.99 	 614.7777849644485 	 0.0004695064885046275 	 -3.0
1.39 	 1.18 	 326.59 	 886.0 	 546.2286753683984 	 0.00048733015263409315 	 -3.0
1.41 	 1.2 	 287.71 	 793.45 	 486.0330415284906 	 0.0005056940444695714 	 -3.0
1.44 	 1.23 	 253.17 	 710.62 	 432.33057012460404 	 0.0005250075517363872 	 -3.0
1.47 	 1.25 	 223.05 	 636.57 	 384.81619480694707 	 0.0005450468798985663 	 -3.0
1.49 	 1.27 	 196.34 	 571.05 	 342.7491948162318 	 0.0005659155906234525 	 -3.0
1.52 	 1.29 	 172.96 	 512.28 	 305.38803510727365 	 0.0005876461663525035 	 -3.0
1.55 	 1.32 	 152.26 	 459.7 	 272.108046575795 	 0.0006103886854688471 	 -3.0
1.57 	 1.34 	 134.03 	 413.01 	 242.65933258363864 	 0.0006340020414787537 	 -3.0
1.6 	 1.36 	 117.87 	 371.09 	 216.35336224540208 	 0.0006587743240309038 	 -3.0
1.36 	 1.16 	 371.09 	 990.99 	 614.7777849644485 	 0.0005034364181446786 	 -2.9696969696969697
1.39 	 1.18 	 326.59 	 886.0 	 546.2286753683984 	 0.0005225481489668258 	 -2.9696969696969697
1.41 	 1.2 	 287.71 	 793.45 	 486.0330415284906 	 0.0005422391482505522 	 -2.9696969696969697
1.44 	 1.23 	 253.17 	 710.62 	 432.33057012460404 	 0.0005629483890348169 	 -2.9696969696969697
1.47 	 1.25 	 223.05 	 636.57 	 384.81619480694707 	 0.0005844359037742299 	 -2.9696969696969697
1.49 	 1.27 	 196.34 	 571.05 	 342.7491948162318 	 0.0006068127382501408 	 -2.9696969696969697
1.52 	 1.29 	 172.96 	 512.28 	 305.38803510727365 	 0.0006301137223198151 	 -2.9696969696969697
1.55 	 1.32 	 152.26 	 459.7 	 272.108046575795 	 0.0006544997801142135 	 -2.9696969696969697
1.57 	 1.34 	 134.03 	 413.01 	 242.65933258363864 	 0.000679819607765297 	 -2.9696969696969697
1.6 	 1.36 	 117.87 	 371.09 	 216.35336224540208 	 0.0007063821143603456 	 -2.9696969696969697
1.36 	 1.16 	 371.09 	 990.99 	 614.7777849644485 	 0.0005398183695428221 	 -2.9393939393939394
1.39 	 1.18 	 326.59 	 886.0 	 546.2286753683984 	 0.0005603112520592948 	 -2.9393939393939394
1.41 	 1.2 	 287.71 	 793.45 	 486.0330415284906 	 0.0005814252651598632 	 -2.9393939393939394
1.44 	 1.23 	 253.17 	 710.62 	 432.33057012460404 	 0.0006036311052455498 	 -2.9393939393939394
1.47 	 1.25 	 223.05 	 636.57 	 384.81619480694707 	 0.000626671462983086 	 -2.9393939393939394
1.49 	 1.27 	 196.34 	 571.05 	 342.7491948162318 	 0.0006506654091239557 	 -2.9393939393939394
1.52 	 1.29 	 172.96 	 512.28 	 305.38803510727365 	 0.0006756502905824524 	 -2.9393939393939394
1.55 	 1.32 	 152.26 	 459.7 	 272.108046575795 	 0.0007017986610294351 	 -2.9393939393939394
1.57 	 1.34 	 134.03 	 413.01 	 242.65933258363864 	 0.0007289482822866425 	 -2.9393939393939394
1.6 	 1.36 	 117.87 	 371.09 	 216.35336224540208 	 0.0007574303874429462 	 -2.9393939393939394
1.36 	 1.16 	 371.09 	 990.99 	 614.7777849644485 	 0.0005788295434998238 	 -2.909090909090909
1.39 	 1.18 	 326.59 	 886.0 	 546.2286753683984 	 0.0006008033897067461 	 -2.909090909090909
1.41 	 1.2 	 287.71 	 793.45 	 486.0330415284906 	 0.0006234432538795822 	 -2.909090909090909
1.44 	 1.23 	 253.17 	 710.62 	 432.33057012460404 	 0.0006472538483406667 	 -2.909090909090909
1.47 	 1.25 	 223.05 	 636.57 	 384.81619480694707 	 0.0006719592687260187 	 -2.909090909090909
1.49 	 1.27 	 196.34 	 571.05 	 342.7491948162318 	 0.0006976871906995545 	 -2.909090909090909
1.52 	 1.29 	 172.96 	 512.28 	 305.38803510727365 	 0.000724477660133314 	 -2.909090909090909
1.55 	 1.32 	 152.26 	 459.7 	 272.108046575795 	 0.0007525157006725968 	 -2.909090909090909
1.57 	 1.34 	 134.03 	 413.01 	 242.65933258363864 	 0.000781627349636695 	 -2.909090909090909
1.6 	 1.36 	 117.87 	 371.09 	 216.35336224540208 	 0.0008121677774096507 	 -2.909090909090909
1.36 	 1.16 	 371.09 	 990.99 	 614.7777849644485 	 0.0006206599466260596 	 -2.878787878787879
1.39 	 1.18 	 326.59 	 886.0 	 546.2286753683984 	 0.0006442217816552382 	 -2.878787878787879
1.41 	 1.2 	 287.71 	 793.45 	 486.0330415284906 	 0.000668497765918536 	 -2.878787878787879
1.44 	 1.23 	 253.17 	 710.62 	 432.33057012460404 	 0.0006940290858957377 	 -2.878787878787879
1.47 	 1.25 	 223.05 	 636.57 	 384.81619480694707 	 0.0007205198983809364 	 -2.878787878787879
1.49 	 1.27 	 196.34 	 571.05 	 342.7491948162318 	 0.0007481071058035978 	 -2.878787878787879
1.52 	 1.29 	 172.96 	 512.28 	 305.38803510727365 	 0.0007768336480396874 	 -2.878787878787879
1.55 	 1.32 	 152.26 	 459.7 	 272.108046575795 	 0.0008068979198793573 	 -2.878787878787879
1.57 	 1.34 	 134.03 	 413.01 	 242.65933258363864 	 0.0008381133868422305 	 -2.878787878787879
1.6 	 1.36 	 117.87 	 371.09 	 216.35336224540208 	 0.0008708608864893447 	 -2.878787878787879
1.36 	 1.16 	 371.09 	 990.99 	 614.7777849644485 	 0.0006655133167818004 	 -2.8484848484848486
1.39 	 1.18 	 326.59 	 886.0 	 546.2286753683984 	 0.0006907779001740032 	 -2.8484848484848486
1.41 	 1.2 	 287.71 	 793.45 	 486.0330415284906 	 0.0007168082423815761 	 -2.8484848484848486
1.44 	 1.23 	 253.17 	 710.62 	 432.33057012460404 	 0.0007441846399277866 	 -2.8484848484848486
1.47 	 1.25 	 223.05 	 636.57 	 384.81619480694707 	 0.000772589869840087 	 -2.8484848484848486
1.49 	 1.27 	 196.34 	 571.05 	 342.7491948162318 	 0.0008021707281062069 	 -2.8484848484848486
1.52 	 1.29 	 172.96 	 512.28 	 305.38803510727365 	 0.0008329732577476608 	 -2.8484848484848486
1.55 	 1.32 	 152.26 	 459.7 	 272.108046575795 	 0.0008652101909949467 	 -2.8484848484848486
1.57 	 1.34 	 134.03 	 413.01 	 242.65933258363864 	 0.0008986815130389819 	 -2.8484848484848486
1.6 	 1.36 	 117.87 	 371.09 	 216.35336224540208 	 0.000933795583513377 	 -2.8484848484848486
1.36 	 1.16 	 371.09 	 990.99 	 614.7777849644485 	 0.0007136081153964974 	 -2.8181818181818183
1.39 	 1.18 	 326.59 	 886.0 	 546.2286753683984 	 0.0007406985000457028 	 -2.8181818181818183
1.41 	 1.2 	 287.71 	 793.45 	 486.0330415284906 	 0.0007686099827725948 	 -2.8181818181818183
1.44 	 1.23 	 253.17 	 710.62 	 432.33057012460404 	 0.0007979647965181203 	 -2.8181818181818183
1.47 	 1.25 	 223.05 	 636.57 	 384.81619480694707 	 0.0008284227934867472 	 -2.8181818181818183
1.49 	 1.27 	 196.34 	 571.05 	 342.7491948162318 	 0.0008601413782044406 	 -2.8181818181818183
1.52 	 1.29 	 172.96 	 512.28 	 305.38803510727365 	 0.0008931699210939731 	 -2.8181818181818183
1.55 	 1.32 	 152.26 	 459.7 	 272.108046575795 	 0.0009277365279531726 	 -2.8181818181818183
1.57 	 1.34 	 134.03 	 413.01 	 242.65933258363864 	 0.0009636267294583431 	 -2.8181818181818183
1.6 	 1.36 	 117.87 	 371.09 	 216.35336224540208 	 0.0010012783962593975 	 -2.8181818181818183
1.36 	 1.16 	 371.09 	 990.99 	 614.7777849644485 	 0.0007651785915002242 	 -2.787878787878788
1.39 	 1.18 	 326.59 	 886.0 	 546.2286753683984 	 0.000794226722991219 	 -2.787878787878788
1.41 	 1.2 	 287.71 	 793.45 	 486.0330415284906 	 0.0008241552910369728 	 -2.787878787878788
1.44 	 1.23 	 253.17 	 710.62 	 432.33057012460404 	 0.0008556314956245177 	 -2.787878787878788
1.47 	 1.25 	 223.05 	 636.57 	 384.81619480694707 	 0.000888290607422066 	 -2.787878787878788
1.49 	 1.27 	 196.34 	 571.05 	 342.7491948162318 	 0.0009223014061434062 	 -2.787878787878788
1.52 	 1.29 	 172.96 	 512.28 	 305.38803510727365 	 0.0009577168300746141 	 -2.787878787878788
1.55 	 1.32 	 152.26 	 459.7 	 272.108046575795 	 0.0009947814695858508 	 -2.787878787878788
1.57 	 1.34 	 134.03 	 413.01 	 242.65933258363864 	 0.0010332653562511907 	 -2.787878787878788
1.6 	 1.36 	 117.87 	 371.09 	 216.35336224540208 	 0.0010736380044160155 	 -2.787878787878788
1.36 	 1.16 	 371.09 	 990.99 	 614.7777849644485 	 0.0008204759226497174 	 -2.757575757575758
1.39 	 1.18 	 326.59 	 886.0 	 546.2286753683984 	 0.0008516232819081568 	 -2.757575757575758
1.41 	 1.2 	 287.71 	 793.45 	 486.0330415284906 	 0.0008837147044253241 	 -2.757575757575758
1.44 	 1.23 	 253.17 	 710.62 	 432.33057012460404 	 0.0009174656068778396 	 -2.757575757575758
1.47 	 1.25 	 223.05 	 636.57 	 384.81619480694707 	 0.0009524849019583213 	 -2.757575757575758
1.49 	 1.27 	 196.34 	 571.05 	 342.7491948162318 	 0.000988953566621605 	 -2.757575757575758
1.52 	 1.29 	 172.96 	 512.28 	 305.38803510727365 	 0.0010269283648566391 	 -2.757575757575758
1.55 	 1.32 	 152.26 	 459.7 	 272.108046575795 	 0.0010666715629001672 	 -2.757575757575758
1.57 	 1.34 	 134.03 	 413.01 	 242.65933258363864 	 0.0011079365731469712 	 -2.757575757575758
1.6 	 1.36 	 117.87 	 371.09 	 216.35336224540208 	 0.001151226840439868 	 -2.757575757575758
1.36 	 1.16 	 371.09 	 990.99 	 614.7777849644485 	 0.0008797694383059693 	 -2.7272727272727275
1.39 	 1.18 	 326.59 	 886.0 	 546.2286753683984 	 0.0009131677306909735 	 -2.7272727272727275
1.41 	 1.2 	 287.71 	 793.45 	 486.0330415284906 	 0.0009475783111638161 	 -2.7272727272727275
1.44 	 1.23 	 253.17 	 710.62 	 432.33057012460404 	 0.0009837682975769163 	 -2.7272727272727275
1.47 	 1.25 	 223.05 	 636.57 	 384.81619480694707 	 0.001021318339829624 	 -2.7272727272727275
1.49 	 1.27 	 196.34 	 571.05 	 342.7491948162318 	 0.0010604224935785494 	 -2.7272727272727275
1.52 	 1.29 	 172.96 	 512.28 	 305.38803510727365 	 0.001101141624988432 	 -2.7272727272727275
1.55 	 1.32 	 152.26 	 459.7 	 272.108046575795 	 0.0011437569535483719 	 -2.7272727272727275
1.57 	 1.34 	 134.03 	 413.01 	 242.65933258363864 	 0.00118800407145194 	 -2.7272727272727275
1.6 	 1.36 	 117.87 	 371.09 	 216.35336224540208 	 0.001234422806102179 	 -2.7272727272727275
1.36 	 1.16 	 371.09 	 990.99 	 614.7777849644485 	 0.0009433479316219249 	 -2.696969696969697
1.39 	 1.18 	 326.59 	 886.0 	 546.2286753683984 	 0.000979159825817483 	 -2.696969696969697
1.41 	 1.2 	 287.71 	 793.45 	 486.0330415284906 	 0.0010160571633488586 	 -2.696969696969697
1.44 	 1.23 	 253.17 	 710.62 	 432.33057012460404 	 0.0010548624995446259 	 -2.696969696969697
1.47 	 1.25 	 223.05 	 636.57 	 384.81619480694707 	 0.0010951261790373074 	 -2.696969696969697
1.49 	 1.27 	 196.34 	 571.05 	 342.7491948162318 	 0.0011370562813467322 	 -2.696969696969697
1.52 	 1.29 	 172.96 	 512.28 	 305.38803510727365 	 0.0011807180712662816 	 -2.696969696969697
1.55 	 1.32 	 152.26 	 459.7 	 272.108046575795 	 0.001226413091236304 	 -2.696969696969697
1.57 	 1.34 	 134.03 	 413.01 	 242.65933258363864 	 0.0012738578254327278 	 -2.696969696969697
1.6 	 1.36 	 117.87 	 371.09 	 216.35336224540208 	 0.0013236311130853712 	 -2.696969696969697
1.36 	 1.16 	 371.09 	 990.99 	 614.7777849644485 	 0.0010115210660294257 	 -2.6666666666666665
1.39 	 1.18 	 326.59 	 886.0 	 546.2286753683984 	 0.0010499209863334244 	 -2.6666666666666665
1.41 	 1.2 	 287.71 	 793.45 	 486.0330415284906 	 0.0010894847919477699 	 -2.6666666666666665
1.44 	 1.23 	 253.17 	 710.62 	 432.33057012460404 	 0.001131094481989582 	 -2.6666666666666665
1.47 	 1.25 	 223.05 	 636.57 	 384.81619480694707 	 0.0011742679057471133 	 -2.6666666666666665
1.49 	 1.27 	 196.34 	 571.05 	 342.7491948162318 	 0.0012192281800690488 	 -2.6666666666666665
1.52 	 1.29 	 172.96 	 512.28 	 305.38803510727365 	 0.0012660452862540824 	 -2.6666666666666665
1.55 	 1.32 	 152.26 	 459.7 	 272.108046575795 	 0.001315042558377045 	 -2.6666666666666665
1.57 	 1.34 	 134.03 	 413.01 	 242.65933258363864 	 0.001365915991712862 	 -2.6666666666666665
1.6 	 1.36 	 117.87 	 371.09 	 216.35336224540208 	 0.001419286256594483 	 -2.6666666666666665
1.36 	 1.16 	 371.09 	 990.99 	 614.7777849644485 	 0.0010846208834762929 	 -2.6363636363636362
1.39 	 1.18 	 326.59 	 886.0 	 546.2286753683984 	 0.0011257958593460795 	 -2.6363636363636362
1.41 	 1.2 	 287.71 	 793.45 	 486.0330415284906 	 0.0011682188312843302 	 -2.6363636363636362
1.44 	 1.23 	 253.17 	 710.62 	 432.33057012460404 	 0.0012128355380341745 	 -2.6363636363636362
1.47 	 1.25 	 223.05 	 636.57 	 384.81619480694707 	 0.0012591289851913373 	 -2.6363636363636362
1.49 	 1.27 	 196.34 	 571.05 	 342.7491948162318 	 0.001307338413639341 	 -2.6363636363636362
1.52 	 1.29 	 172.96 	 512.28 	 305.38803510727365 	 0.0013575388620309294 	 -2.6363636363636362
1.55 	 1.32 	 152.26 	 459.7 	 272.108046575795 	 0.001410077030896302 	 -2.6363636363636362
1.57 	 1.34 	 134.03 	 413.01 	 242.65933258363864 	 0.0014646269459334263 	 -2.6363636363636362
1.6 	 1.36 	 117.87 	 371.09 	 216.35336224540208 	 0.001521854131595997 	 -2.6363636363636362
1.36 	 1.16 	 371.09 	 990.99 	 614.7777849644485 	 0.0011630034216595071 	 -2.606060606060606
1.39 	 1.18 	 326.59 	 886.0 	 546.2286753683984 	 0.0012071539986517452 	 -2.606060606060606
1.41 	 1.2 	 287.71 	 793.45 	 486.0330415284906 	 0.0012526427609213951 	 -2.606060606060606
1.44 	 1.23 	 253.17 	 710.62 	 432.33057012460404 	 0.0013004837931233002 	 -2.606060606060606
1.47 	 1.25 	 223.05 	 636.57 	 384.81619480694707 	 0.0013501227391037925 	 -2.606060606060606
1.49 	 1.27 	 196.34 	 571.05 	 342.7491948162318 	 0.001401816129020439 	 -2.606060606060606
1.52 	 1.29 	 172.96 	 512.28 	 305.38803510727365 	 0.00145564442436096 	 -2.606060606060606
1.55 	 1.32 	 152.26 	 459.7 	 272.108046575795 	 0.0015119793807397424 	 -2.606060606060606
1.57 	 1.34 	 134.03 	 413.01 	 242.65933258363864 	 0.0015704714665974989 	 -2.606060606060606
1.6 	 1.36 	 117.87 	 371.09 	 216.35336224540208 	 0.0016318343019913724 	 -2.606060606060606
1.36 	 1.16 	 371.09 	 990.99 	 614.7777849644485 	 0.0012470504481313402 	 -2.5757575757575757
1.39 	 1.18 	 326.59 	 886.0 	 546.2286753683984 	 0.0012943916646729603 	 -2.5757575757575757
1.41 	 1.2 	 287.71 	 793.45 	 486.0330415284906 	 0.0013431677734245257 	 -2.5757575757575757
1.44 	 1.23 	 253.17 	 710.62 	 432.33057012460404 	 0.0013944661441217686 	 -2.5757575757575757
1.47 	 1.25 	 223.05 	 636.57 	 384.81619480694707 	 0.001447692358831792 	 -2.5757575757575757
1.49 	 1.27 	 196.34 	 571.05 	 342.7491948162318 	 0.0015031214864340108 	 -2.5757575757575757
1.52 	 1.29 	 172.96 	 512.28 	 305.38803510727365 	 0.0015608398031443425 	 -2.5757575757575757
1.55 	 1.32 	 152.26 	 459.7 	 272.108046575795 	 0.0016212459303226925 	 -2.5757575757575757
1.57 	 1.34 	 134.03 	 413.01 	 242.65933258363864 	 0.0016839650767349781 	 -2.5757575757575757
1.6 	 1.36 	 117.87 	 371.09 	 216.35336224540208 	 0.0017497624337774436 	 -2.5757575757575757
1.36 	 1.16 	 371.09 	 990.99 	 614.7777849644485 	 0.0013371713197245208 	 -2.5454545454545454
1.39 	 1.18 	 326.59 	 886.0 	 546.2286753683984 	 0.001387933754472193 	 -2.5454545454545454
1.41 	 1.2 	 287.71 	 793.45 	 486.0330415284906 	 0.0014402347771037072 	 -2.5454545454545454
1.44 	 1.23 	 253.17 	 710.62 	 432.33057012460404 	 0.0014952403385448956 	 -2.5454545454545454
1.47 	 1.25 	 223.05 	 636.57 	 384.81619480694707 	 0.0015523130639301377 	 -2.5454545454545454
1.49 	 1.27 	 196.34 	 571.05 	 342.7491948162318 	 0.0016117479006026246 	 -2.5454545454545454
1.52 	 1.29 	 172.96 	 512.28 	 305.38803510727365 	 0.0016736373597207239 	 -2.5454545454545454
1.55 	 1.32 	 152.26 	 459.7 	 272.108046575795 	 0.0017384088699026552 	 -2.5454545454545454
1.57 	 1.34 	 134.03 	 413.01 	 242.65933258363864 	 0.001805660554793016 	 -2.5454545454545454
1.6 	 1.36 	 117.87 	 371.09 	 216.35336224540208 	 0.0018762129040445616 	 -2.5454545454545454
1.36 	 1.16 	 371.09 	 990.99 	 614.7777849644485 	 0.0014338049763528895 	 -2.515151515151515
1.39 	 1.18 	 326.59 	 886.0 	 546.2286753683984 	 0.0014882358712422562 	 -2.515151515151515
1.41 	 1.2 	 287.71 	 793.45 	 486.0330415284906 	 0.0015443165434876492 	 -2.515151515151515
1.44 	 1.23 	 253.17 	 710.62 	 432.33057012460404 	 0.0016032972040493105 	 -2.515151515151515
1.47 	 1.25 	 223.05 	 636.57 	 384.81619480694707 	 0.0016644944167507015 	 -2.515151515151515
1.49 	 1.27 	 196.34 	 571.05 	 342.7491948162318 	 0.0017282244439601466 	 -2.515151515151515
1.52 	 1.29 	 172.96 	 512.28 	 305.38803510727365 	 0.0017945864823604328 	 -2.515151515151515
1.55 	 1.32 	 152.26 	 459.7 	 272.108046575795 	 0.0018640388496486253 	 -2.515151515151515
1.57 	 1.34 	 134.03 	 413.01 	 242.65933258363864 	 0.0019361506269815257 	 -2.515151515151515
1.6 	 1.36 	 117.87 	 371.09 	 216.35336224540208 	 0.002011801598519783 	 -2.515151515151515
1.36 	 1.16 	 371.09 	 990.99 	 614.7777849644485 	 0.0015374220788984898 	 -2.484848484848485
1.39 	 1.18 	 326.59 	 886.0 	 546.2286753683984 	 0.001595786543353047 	 -2.484848484848485
1.41 	 1.2 	 287.71 	 793.45 	 486.0330415284906 	 0.001655920009990086 	 -2.484848484848485
1.44 	 1.23 	 253.17 	 710.62 	 432.33057012460404 	 0.0017191630390428723 	 -2.484848484848485
1.47 	 1.25 	 223.05 	 636.57 	 384.81619480694707 	 0.001784782804300968 	 -2.484848484848485
1.49 	 1.27 	 196.34 	 571.05 	 342.7491948162318 	 0.0018531184235354818 	 -2.484848484848485
1.52 	 1.29 	 172.96 	 512.28 	 305.38803510727365 	 0.0019242762620978984 	 -2.484848484848485
1.55 	 1.32 	 152.26 	 459.7 	 272.108046575795 	 0.0019987477590320503 	 -2.484848484848485
1.57 	 1.34 	 134.03 	 413.01 	 242.65933258363864 	 0.002076070854187026 	 -2.484848484848485
1.6 	 1.36 	 117.87 	 371.09 	 216.35336224540208 	 0.002157188911280735 	 -2.484848484848485
1.36 	 1.16 	 371.09 	 990.99 	 614.7777849644485 	 0.0016485273015978195 	 -2.4545454545454546
1.39 	 1.18 	 326.59 	 886.0 	 546.2286753683984 	 0.0017111096037626277 	 -2.4545454545454546
1.41 	 1.2 	 287.71 	 793.45 	 486.0330415284906 	 0.0017755887489833758 	 -2.4545454545454546
1.44 	 1.23 	 253.17 	 710.62 	 432.33057012460404 	 0.0018434021760573255 	 -2.4545454545454546
1.47 	 1.25 	 223.05 	 636.57 	 384.81619480694707 	 0.0019137640994595932 	 -2.4545454545454546
1.49 	 1.27 	 196.34 	 571.05 	 342.7491948162318 	 0.0019870381440605404 	 -2.4545454545454546
1.52 	 1.29 	 172.96 	 512.28 	 305.38803510727365 	 0.0020633383619401225 	 -2.4545454545454546
1.55 	 1.32 	 152.26 	 459.7 	 272.108046575795 	 0.002143191707076655 	 -2.4545454545454546
1.57 	 1.34 	 134.03 	 413.01 	 242.65933258363864 	 0.002226102727515721 	 -2.4545454545454546
1.6 	 1.36 	 117.87 	 371.09 	 216.35336224540208 	 0.0023130829612504674 	 -2.4545454545454546
1.36 	 1.16 	 371.09 	 990.99 	 614.7777849644485 	 0.001767661790092468 	 -2.4242424242424243
1.39 	 1.18 	 326.59 	 886.0 	 546.2286753683984 	 0.0018347667413817377 	 -2.4242424242424243
1.41 	 1.2 	 287.71 	 793.45 	 486.0330415284906 	 0.0019039056153051896 	 -2.4242424242424243
1.44 	 1.23 	 253.17 	 710.62 	 432.33057012460404 	 0.001976619730368773 	 -2.4242424242424243
1.47 	 1.25 	 223.05 	 636.57 	 384.81619480694707 	 0.002052066514510626 	 -2.4242424242424243
1.49 	 1.27 	 196.34 	 571.05 	 342.7491948162318 	 0.002130635870760344 	 -2.4242424242424243
1.52 	 1.29 	 172.96 	 512.28 	 305.38803510727365 	 0.002212450093424866 	 -2.4242424242424243
1.55 	 1.32 	 152.26 	 459.7 	 272.108046575795 	 0.0022980742179826473 	 -2.4242424242424243
1.57 	 1.34 	 134.03 	 413.01 	 242.65933258363864 	 0.0023869769875428854 	 -2.4242424242424243
1.6 	 1.36 	 117.87 	 371.09 	 216.35336224540208 	 0.0024802430411394504 	 -2.4242424242424243
1.36 	 1.16 	 371.09 	 990.99 	 614.7777849644485 	 0.0018954057971162458 	 -2.393939393939394
1.39 	 1.18 	 326.59 	 886.0 	 546.2286753683984 	 0.001967360236818329 	 -2.393939393939394
1.41 	 1.2 	 287.71 	 793.45 	 486.0330415284906 	 0.0020414955850931505 	 -2.393939393939394
1.44 	 1.23 	 253.17 	 710.62 	 432.33057012460404 	 0.0021194645472533183 	 -2.393939393939394
1.47 	 1.25 	 223.05 	 636.57 	 384.81619480694707 	 0.002200363660894715 	 -2.393939393939394
1.49 	 1.27 	 196.34 	 571.05 	 342.7491948162318 	 0.00228461100625574 	 -2.393939393939394
1.52 	 1.29 	 172.96 	 512.28 	 305.38803510727365 	 0.002372337715513161 	 -2.393939393939394
1.55 	 1.32 	 152.26 	 459.7 	 272.108046575795 	 0.002464149657689799 	 -2.393939393939394
1.57 	 1.34 	 134.03 	 413.01 	 242.65933258363864 	 0.0025594771834351803 	 -2.393939393939394
1.6 	 1.36 	 117.87 	 371.09 	 216.35336224540208 	 0.0026594833156330343 	 -2.393939393939394
1.36 	 1.16 	 371.09 	 990.99 	 614.7777849644485 	 0.002032381508656099 	 -2.3636363636363638
1.39 	 1.18 	 326.59 	 886.0 	 546.2286753683984 	 0.002109535895826761 	 -2.3636363636363638
1.41 	 1.2 	 287.71 	 793.45 	 486.0330415284906 	 0.002189028799774172 	 -2.3636363636363638
1.44 	 1.23 	 253.17 	 710.62 	 432.33057012460404 	 0.0022726323622326828 	 -2.3636363636363638
1.47 	 1.25 	 223.05 	 636.57 	 384.81619480694707 	 0.002359377830080041 	 -2.3636363636363638
1.49 	 1.27 	 196.34 	 571.05 	 342.7491948162318 	 0.0024497134970520515 	 -2.3636363636363638
1.52 	 1.29 	 172.96 	 512.28 	 305.38803510727365 	 0.002543779971883613 	 -2.3636363636363638
1.55 	 1.32 	 152.26 	 459.7 	 272.108046575795 	 0.002642226908068729 	 -2.3636363636363638
1.57 	 1.34 	 134.03 	 413.01 	 242.65933258363864 	 0.0027444434892808464 	 -2.3636363636363638
1.6 	 1.36 	 117.87 	 371.09 	 216.35336224540208 	 0.0028516767868366375 	 -2.3636363636363638
1.36 	 1.16 	 371.09 	 990.99 	 614.7777849644485 	 0.0021792560743518273 	 -2.333333333333333
1.39 	 1.18 	 326.59 	 886.0 	 546.2286753683984 	 0.0022619861947492195 	 -2.333333333333333
1.41 	 1.2 	 287.71 	 793.45 	 486.0330415284906 	 0.002347223830034448 	 -2.333333333333333
1.44 	 1.23 	 253.17 	 710.62 	 432.33057012460404 	 0.0024368691897019997 	 -2.333333333333333
1.47 	 1.25 	 223.05 	 636.57 	 384.81619480694707 	 0.0025298835115326723 	 -2.333333333333333
1.49 	 1.27 	 196.34 	 571.05 	 342.7491948162318 	 0.0026267474862052 	 -2.333333333333333
1.52 	 1.29 	 172.96 	 512.28 	 305.38803510727365 	 0.00272761188385714 	 -2.333333333333333
1.55 	 1.32 	 152.26 	 459.7 	 272.108046575795 	 0.002833173306635785 	 -2.333333333333333
1.57 	 1.34 	 134.03 	 413.01 	 242.65933258363864 	 0.0029427767962154914 	 -2.333333333333333
1.6 	 1.36 	 117.87 	 371.09 	 216.35336224540208 	 0.0030577595462926515 	 -2.333333333333333
1.36 	 1.16 	 371.09 	 990.99 	 614.7777849644485 	 0.002336744856894356 	 -2.3030303030303028
1.39 	 1.18 	 326.59 	 886.0 	 546.2286753683984 	 0.0024254536532694474 	 -2.3030303030303028
1.41 	 1.2 	 287.71 	 793.45 	 486.0330415284906 	 0.0025168511756674685 	 -2.3030303030303028
1.44 	 1.23 	 253.17 	 710.62 	 432.33057012460404 	 0.002612974956444311 	 -2.3030303030303028
1.47 	 1.25 	 223.05 	 636.57 	 384.81619480694707 	 0.00271271116492086 	 -2.3030303030303028
1.49 	 1.27 	 196.34 	 571.05 	 342.7491948162318 	 0.002816575229955849 	 -2.3030303030303028
1.52 	 1.29 	 172.96 	 512.28 	 305.38803510727365 	 0.0029247288174258394 	 -2.3030303030303028
1.55 	 1.32 	 152.26 	 459.7 	 272.108046575795 	 0.0030379188709801544 	 -2.3030303030303028
1.57 	 1.34 	 134.03 	 413.01 	 242.65933258363864 	 0.0031554431002744237 	 -2.3030303030303028
1.6 	 1.36 	 117.87 	 371.09 	 216.35336224540208 	 0.003278735334278767 	 -2.3030303030303028
1.36 	 1.16 	 371.09 	 990.99 	 614.7777849644485 	 0.0025056149162490213 	 -2.2727272727272725
1.39 	 1.18 	 326.59 	 886.0 	 546.2286753683984 	 0.00260073445090602 	 -2.2727272727272725
1.41 	 1.2 	 287.71 	 793.45 	 486.0330415284906 	 0.0026987370183463723 	 -2.2727272727272725
1.44 	 1.23 	 253.17 	 710.62 	 432.33057012460404 	 0.0028018073977290857 	 -2.2727272727272725
1.47 	 1.25 	 223.05 	 636.57 	 384.81619480694707 	 0.002908751264926078 	 -2.2727272727272725
1.49 	 1.27 	 196.34 	 571.05 	 342.7491948162318 	 0.0030201212974078455 	 -2.2727272727272725
1.52 	 1.29 	 172.96 	 512.28 	 305.38803510727365 	 0.0031360908441947426 	 -2.2727272727272725
1.55 	 1.32 	 152.26 	 459.7 	 272.108046575795 	 0.003257460828478627 	 -2.2727272727272725
1.57 	 1.34 	 134.03 	 413.01 	 242.65933258363864 	 0.003383478207342898 	 -2.2727272727272725
1.6 	 1.36 	 117.87 	 371.09 	 216.35336224540208 	 0.003515680428594183 	 -2.2727272727272725
1.36 	 1.16 	 371.09 	 990.99 	 614.7777849644485 	 0.002686688745673966 	 -2.242424242424242
1.39 	 1.18 	 326.59 	 886.0 	 546.2286753683984 	 0.002788682304859541 	 -2.242424242424242
1.41 	 1.2 	 287.71 	 793.45 	 486.0330415284906 	 0.0028937672455986874 	 -2.242424242424242
1.44 	 1.23 	 253.17 	 710.62 	 432.33057012460404 	 0.0030042862349709395 	 -2.242424242424242
1.47 	 1.25 	 223.05 	 636.57 	 384.81619480694707 	 0.0031189586383612994 	 -2.242424242424242
1.49 	 1.27 	 196.34 	 571.05 	 342.7491948162318 	 0.0032383770737057236 	 -2.242424242424242
1.52 	 1.29 	 172.96 	 512.28 	 305.38803510727365 	 0.003362727417476706 	 -2.242424242424242
1.55 	 1.32 	 152.26 	 459.7 	 272.108046575795 	 0.0034928684733602244 	 -2.242424242424242
1.57 	 1.34 	 134.03 	 413.01 	 242.65933258363864 	 0.003627992778120037 	 -2.242424242424242
1.6 	 1.36 	 117.87 	 371.09 	 216.35336224540208 	 0.0037697488866447466 	 -2.242424242424242
1.36 	 1.16 	 371.09 	 990.99 	 614.7777849644485 	 0.0028808482777302235 	 -2.212121212121212
1.39 	 1.18 	 326.59 	 886.0 	 546.2286753683984 	 0.0029902126281010854 	 -2.212121212121212
1.41 	 1.2 	 287.71 	 793.45 	 486.0330415284906 	 0.0031028917655825687 	 -2.212121212121212
1.44 	 1.23 	 253.17 	 710.62 	 432.33057012460404 	 0.0032213976552961424 	 -2.212121212121212
1.47 	 1.25 	 223.05 	 636.57 	 384.81619480694707 	 0.0033443571147207707 	 -2.212121212121212
1.49 	 1.27 	 196.34 	 571.05 	 342.7491948162318 	 0.003472405588644356 	 -2.212121212121212
1.52 	 1.29 	 172.96 	 512.28 	 305.38803510727365 	 0.0036057423863156955 	 -2.212121212121212
1.55 	 1.32 	 152.26 	 459.7 	 272.108046575795 	 0.0037452883747774056 	 -2.212121212121212
1.57 	 1.34 	 134.03 	 413.01 	 242.65933258363864 	 0.003890177737668287 	 -2.212121212121212
1.6 	 1.36 	 117.87 	 371.09 	 216.35336224540208 	 0.004042178166359071 	 -2.212121212121212
1.36 	 1.16 	 371.09 	 990.99 	 614.7777849644485 	 0.0030890391797950114 	 -2.1818181818181817
1.39 	 1.18 	 326.59 	 886.0 	 546.2286753683984 	 0.0032063069879541386 	 -2.1818181818181817
1.41 	 1.2 	 287.71 	 793.45 	 486.0330415284906 	 0.003327129133679928 	 -2.1818181818181817
1.44 	 1.23 	 253.17 	 710.62 	 432.33057012460404 	 0.003454199114834963 	 -2.1818181818181817
1.47 	 1.25 	 223.05 	 636.57 	 384.81619480694707 	 0.0035860445128121 	 -2.1818181818181817
1.49 	 1.27 	 196.34 	 571.05 	 342.7491948162318 	 0.0037233466942288044 	 -2.1818181818181817
1.52 	 1.29 	 172.96 	 512.28 	 305.38803510727365 	 0.0038663193718596043 	 -2.1818181818181817
1.55 	 1.32 	 152.26 	 459.7 	 272.108046575795 	 0.004015949961250127 	 -2.1818181818181817
1.57 	 1.34 	 134.03 	 413.01 	 242.65933258363864 	 0.004171310075895978 	 -2.1818181818181817
1.6 	 1.36 	 117.87 	 371.09 	 216.35336224540208 	 0.004334295153312622 	 -2.1818181818181817
1.36 	 1.16 	 371.09 	 990.99 	 614.7777849644485 	 0.0033122754599998437 	 -2.1515151515151514
1.39 	 1.18 	 326.59 	 886.0 	 546.2286753683984 	 0.0034380178868858705 	 -2.1515151515151514
1.41 	 1.2 	 287.71 	 793.45 	 486.0330415284906 	 0.0035675715134405894 	 -2.1515151515151514
1.44 	 1.23 	 253.17 	 710.62 	 432.33057012460404 	 0.003703824489134603 	 -2.1515151515151514
1.47 	 1.25 	 223.05 	 636.57 	 384.81619480694707 	 0.003845197987758393 	 -2.1515151515151514
1.49 	 1.27 	 196.34 	 571.05 	 342.7491948162318 	 0.00399242261640204 	 -2.1515151515151514
1.52 	 1.29 	 172.96 	 512.28 	 305.38803510727365 	 0.004145727532268596 	 -2.1515151515151514
1.55 	 1.32 	 152.26 	 459.7 	 272.108046575795 	 0.004306171508682138 	 -2.1515151515151514
1.57 	 1.34 	 134.03 	 413.01 	 242.65933258363864 	 0.00447275906722465 	 -2.1515151515151514
1.6 	 1.36 	 117.87 	 371.09 	 216.35336224540208 	 0.0046475226234153335 	 -2.1515151515151514
1.36 	 1.16 	 371.09 	 990.99 	 614.7777849644485 	 0.0035516444060269972 	 -2.121212121212121
1.39 	 1.18 	 326.59 	 886.0 	 546.2286753683984 	 0.0036864738887929143 	 -2.121212121212121
1.41 	 1.2 	 287.71 	 793.45 	 486.0330415284906 	 0.003825389996040105 	 -2.121212121212121
1.44 	 1.23 	 253.17 	 710.62 	 432.33057012460404 	 0.0039714895957781654 	 -2.121212121212121
1.47 	 1.25 	 223.05 	 636.57 	 384.81619480694707 	 0.004123079764413377 	 -2.121212121212121
1.49 	 1.27 	 196.34 	 571.05 	 342.7491948162318 	 0.004280943907980602 	 -2.121212121212121
1.52 	 1.29 	 172.96 	 512.28 	 305.38803510727365 	 0.004445327744237359 	 -2.121212121212121
1.55 	 1.32 	 152.26 	 459.7 	 272.108046575795 	 0.004617366561114599 	 -2.121212121212121
1.57 	 1.34 	 134.03 	 413.01 	 242.65933258363864 	 0.00479599293973446 	 -2.121212121212121
1.6 	 1.36 	 117.87 	 371.09 	 216.35336224540208 	 0.004983386172639689 	 -2.121212121212121
1.36 	 1.16 	 371.09 	 990.99 	 614.7777849644485 	 0.0038083118808190726 	 -2.090909090909091
1.39 	 1.18 	 326.59 	 886.0 	 546.2286753683984 	 0.003952885115749571 	 -2.090909090909091
1.41 	 1.2 	 287.71 	 793.45 	 486.0330415284906 	 0.004101840304160004 	 -2.090909090909091
1.44 	 1.23 	 253.17 	 710.62 	 432.33057012460404 	 0.004258498116107954 	 -2.090909090909091
1.47 	 1.25 	 223.05 	 636.57 	 384.81619480694707 	 0.00442104328511451 	 -2.090909090909091
1.49 	 1.27 	 196.34 	 571.05 	 342.7491948162318 	 0.0045903158317923765 	 -2.090909090909091
1.52 	 1.29 	 172.96 	 512.28 	 305.38803510727365 	 0.004766579231238809 	 -2.090909090909091
1.55 	 1.32 	 152.26 	 459.7 	 272.108046575795 	 0.00495105081548971 	 -2.090909090909091
1.57 	 1.34 	 134.03 	 413.01 	 242.65933258363864 	 0.005142586026270193 	 -2.090909090909091
1.6 	 1.36 	 117.87 	 371.09 	 216.35336224540208 	 0.005343521647541017 	 -2.090909090909091
1.36 	 1.16 	 371.09 	 990.99 	 614.7777849644485 	 0.004083528000994776 	 -2.0606060606060606
1.39 	 1.18 	 326.59 	 886.0 	 546.2286753683984 	 0.004238549141990747 	 -2.0606060606060606
1.41 	 1.2 	 287.71 	 793.45 	 486.0330415284906 	 0.004398268908071627 	 -2.0606060606060606
1.44 	 1.23 	 253.17 	 710.62 	 432.33057012460404 	 0.004566247944895271 	 -2.0606060606060606
1.47 	 1.25 	 223.05 	 636.57 	 384.81619480694707 	 0.004740539801717128 	 -2.0606060606060606
1.49 	 1.27 	 196.34 	 571.05 	 342.7491948162318 	 0.004922045205106017 	 -2.0606060606060606
1.52 	 1.29 	 172.96 	 512.28 	 305.38803510727365 	 0.00511104667077254 	 -2.0606060606060606
1.55 	 1.32 	 152.26 	 459.7 	 272.108046575795 	 0.005308849503957097 	 -2.0606060606060606
1.57 	 1.34 	 134.03 	 413.01 	 242.65933258363864 	 0.005514226432337847 	 -2.0606060606060606
1.6 	 1.36 	 117.87 	 371.09 	 216.35336224540208 	 0.00572968311276083 	 -2.0606060606060606
1.36 	 1.16 	 371.09 	 990.99 	 614.7777849644485 	 0.004378633225628036 	 -2.0303030303030303
1.39 	 1.18 	 326.59 	 886.0 	 546.2286753683984 	 0.004544857313836657 	 -2.0303030303030303
1.41 	 1.2 	 287.71 	 793.45 	 486.0330415284906 	 0.004716119583712341 	 -2.0303030303030303
1.44 	 1.23 	 253.17 	 710.62 	 432.33057012460404 	 0.0048962379988832 	 -2.0303030303030303
1.47 	 1.25 	 223.05 	 636.57 	 384.81619480694707 	 0.005083125444016593 	 -2.0303030303030303
1.49 	 1.27 	 196.34 	 571.05 	 342.7491948162318 	 0.00527774773868826 	 -2.0303030303030303
1.52 	 1.29 	 172.96 	 512.28 	 305.38803510727365 	 0.005480407815234382 	 -2.0303030303030303
1.55 	 1.32 	 152.26 	 459.7 	 272.108046575795 	 0.005692505309678957 	 -2.0303030303030303
1.57 	 1.34 	 134.03 	 413.01 	 242.65933258363864 	 0.005912724258138798 	 -2.0303030303030303
1.6 	 1.36 	 117.87 	 371.09 	 216.35336224540208 	 0.0061437513943195165 	 -2.0303030303030303
1.36 	 1.16 	 371.09 	 990.99 	 614.7777849644485 	 0.0046950648850462755 	 -2.0
1.39 	 1.18 	 326.59 	 886.0 	 546.2286753683984 	 0.004873301526340932 	 -2.0
1.41 	 1.2 	 287.71 	 793.45 	 486.0330415284906 	 0.005056940444695714 	 -2.0
1.44 	 1.23 	 253.17 	 710.62 	 432.33057012460404 	 0.005250075517363872 	 -2.0
1.47 	 1.25 	 223.05 	 636.57 	 384.81619480694707 	 0.005450468798985662 	 -2.0
1.49 	 1.27 	 196.34 	 571.05 	 342.7491948162318 	 0.005659155906234526 	 -2.0
1.52 	 1.29 	 172.96 	 512.28 	 305.38803510727365 	 0.005876461663525036 	 -2.0
1.55 	 1.32 	 152.26 	 459.7 	 272.108046575795 	 0.00610388685468847 	 -2.0
1.57 	 1.34 	 134.03 	 413.01 	 242.65933258363864 	 0.006340020414787538 	 -2.0
1.6 	 1.36 	 117.87 	 371.09 	 216.35336224540208 	 0.0065877432403090375 	 -2.0
1.36 	 1.16 	 371.09 	 990.99 	 614.7777849644485 	 0.005034364181446787 	 -1.9696969696969697
1.39 	 1.18 	 326.59 	 886.0 	 546.2286753683984 	 0.005225481489668259 	 -1.9696969696969697
1.41 	 1.2 	 287.71 	 793.45 	 486.0330415284906 	 0.005422391482505521 	 -1.9696969696969697
1.44 	 1.23 	 253.17 	 710.62 	 432.33057012460404 	 0.005629483890348169 	 -1.9696969696969697
1.47 	 1.25 	 223.05 	 636.57 	 384.81619480694707 	 0.005844359037742299 	 -1.9696969696969697
1.49 	 1.27 	 196.34 	 571.05 	 342.7491948162318 	 0.006068127382501408 	 -1.9696969696969697
1.52 	 1.29 	 172.96 	 512.28 	 305.38803510727365 	 0.006301137223198152 	 -1.9696969696969697
1.55 	 1.32 	 152.26 	 459.7 	 272.108046575795 	 0.006544997801142135 	 -1.9696969696969697
1.57 	 1.34 	 134.03 	 413.01 	 242.65933258363864 	 0.006798196077652969 	 -1.9696969696969697
1.6 	 1.36 	 117.87 	 371.09 	 216.35336224540208 	 0.007063821143603457 	 -1.9696969696969697
1.36 	 1.16 	 371.09 	 990.99 	 614.7777849644485 	 0.005398183695428219 	 -1.9393939393939394
1.39 	 1.18 	 326.59 	 886.0 	 546.2286753683984 	 0.0056031125205929485 	 -1.9393939393939394
1.41 	 1.2 	 287.71 	 793.45 	 486.0330415284906 	 0.005814252651598633 	 -1.9393939393939394
1.44 	 1.23 	 253.17 	 710.62 	 432.33057012460404 	 0.006036311052455497 	 -1.9393939393939394
1.47 	 1.25 	 223.05 	 636.57 	 384.81619480694707 	 0.006266714629830861 	 -1.9393939393939394
1.49 	 1.27 	 196.34 	 571.05 	 342.7491948162318 	 0.006506654091239557 	 -1.9393939393939394
1.52 	 1.29 	 172.96 	 512.28 	 305.38803510727365 	 0.006756502905824523 	 -1.9393939393939394
1.55 	 1.32 	 152.26 	 459.7 	 272.108046575795 	 0.007017986610294351 	 -1.9393939393939394
1.57 	 1.34 	 134.03 	 413.01 	 242.65933258363864 	 0.007289482822866424 	 -1.9393939393939394
1.6 	 1.36 	 117.87 	 371.09 	 216.35336224540208 	 0.007574303874429462 	 -1.9393939393939394
1.36 	 1.16 	 371.09 	 990.99 	 614.7777849644485 	 0.0057882954349982385 	 -1.9090909090909092
1.39 	 1.18 	 326.59 	 886.0 	 546.2286753683984 	 0.0060080338970674605 	 -1.9090909090909092
1.41 	 1.2 	 287.71 	 793.45 	 486.0330415284906 	 0.006234432538795821 	 -1.9090909090909092
1.44 	 1.23 	 253.17 	 710.62 	 432.33057012460404 	 0.006472538483406667 	 -1.9090909090909092
1.47 	 1.25 	 223.05 	 636.57 	 384.81619480694707 	 0.006719592687260187 	 -1.9090909090909092
1.49 	 1.27 	 196.34 	 571.05 	 342.7491948162318 	 0.006976871906995544 	 -1.9090909090909092
1.52 	 1.29 	 172.96 	 512.28 	 305.38803510727365 	 0.007244776601333138 	 -1.9090909090909092
1.55 	 1.32 	 152.26 	 459.7 	 272.108046575795 	 0.007525157006725968 	 -1.9090909090909092
1.57 	 1.34 	 134.03 	 413.01 	 242.65933258363864 	 0.00781627349636695 	 -1.9090909090909092
1.6 	 1.36 	 117.87 	 371.09 	 216.35336224540208 	 0.008121677774096506 	 -1.9090909090909092
1.36 	 1.16 	 371.09 	 990.99 	 614.7777849644485 	 0.006206599466260596 	 -1.8787878787878787
1.39 	 1.18 	 326.59 	 886.0 	 546.2286753683984 	 0.006442217816552388 	 -1.8787878787878787
1.41 	 1.2 	 287.71 	 793.45 	 486.0330415284906 	 0.006684977659185362 	 -1.8787878787878787
1.44 	 1.23 	 253.17 	 710.62 	 432.33057012460404 	 0.006940290858957377 	 -1.8787878787878787
1.47 	 1.25 	 223.05 	 636.57 	 384.81619480694707 	 0.007205198983809371 	 -1.8787878787878787
1.49 	 1.27 	 196.34 	 571.05 	 342.7491948162318 	 0.007481071058035987 	 -1.8787878787878787
1.52 	 1.29 	 172.96 	 512.28 	 305.38803510727365 	 0.007768336480396883 	 -1.8787878787878787
1.55 	 1.32 	 152.26 	 459.7 	 272.108046575795 	 0.008068979198793581 	 -1.8787878787878787
1.57 	 1.34 	 134.03 	 413.01 	 242.65933258363864 	 0.008381133868422314 	 -1.8787878787878787
1.6 	 1.36 	 117.87 	 371.09 	 216.35336224540208 	 0.008708608864893446 	 -1.8787878787878787
1.36 	 1.16 	 371.09 	 990.99 	 614.7777849644485 	 0.006655133167818004 	 -1.8484848484848484
1.39 	 1.18 	 326.59 	 886.0 	 546.2286753683984 	 0.006907779001740039 	 -1.8484848484848484
1.41 	 1.2 	 287.71 	 793.45 	 486.0330415284906 	 0.00716808242381576 	 -1.8484848484848484
1.44 	 1.23 	 253.17 	 710.62 	 432.33057012460404 	 0.007441846399277865 	 -1.8484848484848484
1.47 	 1.25 	 223.05 	 636.57 	 384.81619480694707 	 0.007725898698400877 	 -1.8484848484848484
1.49 	 1.27 	 196.34 	 571.05 	 342.7491948162318 	 0.008021707281062076 	 -1.8484848484848484
1.52 	 1.29 	 172.96 	 512.28 	 305.38803510727365 	 0.008329732577476616 	 -1.8484848484848484
1.55 	 1.32 	 152.26 	 459.7 	 272.108046575795 	 0.008652101909949476 	 -1.8484848484848484
1.57 	 1.34 	 134.03 	 413.01 	 242.65933258363864 	 0.008986815130389828 	 -1.8484848484848484
1.6 	 1.36 	 117.87 	 371.09 	 216.35336224540208 	 0.00933795583513377 	 -1.8484848484848484
1.36 	 1.16 	 371.09 	 990.99 	 614.7777849644485 	 0.0071360811539649726 	 -1.8181818181818181
1.39 	 1.18 	 326.59 	 886.0 	 546.2286753683984 	 0.007406985000457035 	 -1.8181818181818181
1.41 	 1.2 	 287.71 	 793.45 	 486.0330415284906 	 0.0076860998277259495 	 -1.8181818181818181
1.44 	 1.23 	 253.17 	 710.62 	 432.33057012460404 	 0.007979647965181203 	 -1.8181818181818181
1.47 	 1.25 	 223.05 	 636.57 	 384.81619480694707 	 0.00828422793486748 	 -1.8181818181818181
1.49 	 1.27 	 196.34 	 571.05 	 342.7491948162318 	 0.008601413782044414 	 -1.8181818181818181
1.52 	 1.29 	 172.96 	 512.28 	 305.38803510727365 	 0.008931699210939741 	 -1.8181818181818181
1.55 	 1.32 	 152.26 	 459.7 	 272.108046575795 	 0.009277365279531736 	 -1.8181818181818181
1.57 	 1.34 	 134.03 	 413.01 	 242.65933258363864 	 0.009636267294583441 	 -1.8181818181818181
1.6 	 1.36 	 117.87 	 371.09 	 216.35336224540208 	 0.010012783962593969 	 -1.8181818181818181
1.36 	 1.16 	 371.09 	 990.99 	 614.7777849644485 	 0.007651785915002243 	 -1.7878787878787878
1.39 	 1.18 	 326.59 	 886.0 	 546.2286753683984 	 0.007942267229912198 	 -1.7878787878787878
1.41 	 1.2 	 287.71 	 793.45 	 486.0330415284906 	 0.008241552910369727 	 -1.7878787878787878
1.44 	 1.23 	 253.17 	 710.62 	 432.33057012460404 	 0.008556314956245177 	 -1.7878787878787878
1.47 	 1.25 	 223.05 	 636.57 	 384.81619480694707 	 0.008882906074220669 	 -1.7878787878787878
1.49 	 1.27 	 196.34 	 571.05 	 342.7491948162318 	 0.009223014061434071 	 -1.7878787878787878
1.52 	 1.29 	 172.96 	 512.28 	 305.38803510727365 	 0.00957716830074615 	 -1.7878787878787878
1.55 	 1.32 	 152.26 	 459.7 	 272.108046575795 	 0.00994781469585852 	 -1.7878787878787878
1.57 	 1.34 	 134.03 	 413.01 	 242.65933258363864 	 0.010332653562511918 	 -1.7878787878787878
1.6 	 1.36 	 117.87 	 371.09 	 216.35336224540208 	 0.010736380044160151 	 -1.7878787878787878
1.36 	 1.16 	 371.09 	 990.99 	 614.7777849644485 	 0.008204759226497172 	 -1.7575757575757576
1.39 	 1.18 	 326.59 	 886.0 	 546.2286753683984 	 0.008516232819081575 	 -1.7575757575757576
1.41 	 1.2 	 287.71 	 793.45 	 486.0330415284906 	 0.008837147044253242 	 -1.7575757575757576
1.44 	 1.23 	 253.17 	 710.62 	 432.33057012460404 	 0.009174656068778396 	 -1.7575757575757576
1.47 	 1.25 	 223.05 	 636.57 	 384.81619480694707 	 0.009524849019583222 	 -1.7575757575757576
1.49 	 1.27 	 196.34 	 571.05 	 342.7491948162318 	 0.00988953566621606 	 -1.7575757575757576
1.52 	 1.29 	 172.96 	 512.28 	 305.38803510727365 	 0.010269283648566403 	 -1.7575757575757576
1.55 	 1.32 	 152.26 	 459.7 	 272.108046575795 	 0.010666715629001677 	 -1.7575757575757576
1.57 	 1.34 	 134.03 	 413.01 	 242.65933258363864 	 0.011079365731469722 	 -1.7575757575757576
1.6 	 1.36 	 117.87 	 371.09 	 216.35336224540208 	 0.011512268404398675 	 -1.7575757575757576
1.36 	 1.16 	 371.09 	 990.99 	 614.7777849644485 	 0.008797694383059692 	 -1.7272727272727273
1.39 	 1.18 	 326.59 	 886.0 	 546.2286753683984 	 0.009131677306909745 	 -1.7272727272727273
1.41 	 1.2 	 287.71 	 793.45 	 486.0330415284906 	 0.009475783111638162 	 -1.7272727272727273
1.44 	 1.23 	 253.17 	 710.62 	 432.33057012460404 	 0.009837682975769162 	 -1.7272727272727273
1.47 	 1.25 	 223.05 	 636.57 	 384.81619480694707 	 0.010213183398296253 	 -1.7272727272727273
1.49 	 1.27 	 196.34 	 571.05 	 342.7491948162318 	 0.0106042249357855 	 -1.7272727272727273
1.52 	 1.29 	 172.96 	 512.28 	 305.38803510727365 	 0.011011416249884332 	 -1.7272727272727273
1.55 	 1.32 	 152.26 	 459.7 	 272.108046575795 	 0.011437569535483725 	 -1.7272727272727273
1.57 	 1.34 	 134.03 	 413.01 	 242.65933258363864 	 0.011880040714519414 	 -1.7272727272727273
1.6 	 1.36 	 117.87 	 371.09 	 216.35336224540208 	 0.012344228061021784 	 -1.7272727272727273
1.36 	 1.16 	 371.09 	 990.99 	 614.7777849644485 	 0.00943347931621924 	 -1.696969696969697
1.39 	 1.18 	 326.59 	 886.0 	 546.2286753683984 	 0.00979159825817482 	 -1.696969696969697
1.41 	 1.2 	 287.71 	 793.45 	 486.0330415284906 	 0.010160571633488586 	 -1.696969696969697
1.44 	 1.23 	 253.17 	 710.62 	 432.33057012460404 	 0.010548624995446254 	 -1.696969696969697
1.47 	 1.25 	 223.05 	 636.57 	 384.81619480694707 	 0.010951261790373075 	 -1.696969696969697
1.49 	 1.27 	 196.34 	 571.05 	 342.7491948162318 	 0.011370562813467317 	 -1.696969696969697
1.52 	 1.29 	 172.96 	 512.28 	 305.38803510727365 	 0.011807180712662802 	 -1.696969696969697
1.55 	 1.32 	 152.26 	 459.7 	 272.108046575795 	 0.012264130912363036 	 -1.696969696969697
1.57 	 1.34 	 134.03 	 413.01 	 242.65933258363864 	 0.012738578254327265 	 -1.696969696969697
1.6 	 1.36 	 117.87 	 371.09 	 216.35336224540208 	 0.013236311130853705 	 -1.696969696969697
1.36 	 1.16 	 371.09 	 990.99 	 614.7777849644485 	 0.010115210660294256 	 -1.6666666666666665
1.39 	 1.18 	 326.59 	 886.0 	 546.2286753683984 	 0.010499209863334245 	 -1.6666666666666665
1.41 	 1.2 	 287.71 	 793.45 	 486.0330415284906 	 0.010894847919477698 	 -1.6666666666666665
1.44 	 1.23 	 253.17 	 710.62 	 432.33057012460404 	 0.011310944819895818 	 -1.6666666666666665
1.47 	 1.25 	 223.05 	 636.57 	 384.81619480694707 	 0.011742679057471134 	 -1.6666666666666665
1.49 	 1.27 	 196.34 	 571.05 	 342.7491948162318 	 0.012192281800690489 	 -1.6666666666666665
1.52 	 1.29 	 172.96 	 512.28 	 305.38803510727365 	 0.012660452862540824 	 -1.6666666666666665
1.55 	 1.32 	 152.26 	 459.7 	 272.108046575795 	 0.013150425583770442 	 -1.6666666666666665
1.57 	 1.34 	 134.03 	 413.01 	 242.65933258363864 	 0.013659159917128608 	 -1.6666666666666665
1.6 	 1.36 	 117.87 	 371.09 	 216.35336224540208 	 0.01419286256594483 	 -1.6666666666666665
1.36 	 1.16 	 371.09 	 990.99 	 614.7777849644485 	 0.01084620883476293 	 -1.6363636363636362
1.39 	 1.18 	 326.59 	 886.0 	 546.2286753683984 	 0.011257958593460796 	 -1.6363636363636362
1.41 	 1.2 	 287.71 	 793.45 	 486.0330415284906 	 0.011682188312843301 	 -1.6363636363636362
1.44 	 1.23 	 253.17 	 710.62 	 432.33057012460404 	 0.012128355380341745 	 -1.6363636363636362
1.47 	 1.25 	 223.05 	 636.57 	 384.81619480694707 	 0.012591289851913372 	 -1.6363636363636362
1.49 	 1.27 	 196.34 	 571.05 	 342.7491948162318 	 0.01307338413639341 	 -1.6363636363636362
1.52 	 1.29 	 172.96 	 512.28 	 305.38803510727365 	 0.013575388620309293 	 -1.6363636363636362
1.55 	 1.32 	 152.26 	 459.7 	 272.108046575795 	 0.014100770308963013 	 -1.6363636363636362
1.57 	 1.34 	 134.03 	 413.01 	 242.65933258363864 	 0.014646269459334248 	 -1.6363636363636362
1.6 	 1.36 	 117.87 	 371.09 	 216.35336224540208 	 0.015218541315959967 	 -1.6363636363636362
1.36 	 1.16 	 371.09 	 990.99 	 614.7777849644485 	 0.011630034216595071 	 -1.606060606060606
1.39 	 1.18 	 326.59 	 886.0 	 546.2286753683984 	 0.012071539986517454 	 -1.606060606060606
1.41 	 1.2 	 287.71 	 793.45 	 486.0330415284906 	 0.01252642760921395 	 -1.606060606060606
1.44 	 1.23 	 253.17 	 710.62 	 432.33057012460404 	 0.013004837931233 	 -1.606060606060606
1.47 	 1.25 	 223.05 	 636.57 	 384.81619480694707 	 0.013501227391037924 	 -1.606060606060606
1.49 	 1.27 	 196.34 	 571.05 	 342.7491948162318 	 0.014018161290204391 	 -1.606060606060606
1.52 	 1.29 	 172.96 	 512.28 	 305.38803510727365 	 0.0145564442436096 	 -1.606060606060606
1.55 	 1.32 	 152.26 	 459.7 	 272.108046575795 	 0.015119793807397417 	 -1.606060606060606
1.57 	 1.34 	 134.03 	 413.01 	 242.65933258363864 	 0.01570471466597497 	 -1.606060606060606
1.6 	 1.36 	 117.87 	 371.09 	 216.35336224540208 	 0.016318343019913722 	 -1.606060606060606
1.36 	 1.16 	 371.09 	 990.99 	 614.7777849644485 	 0.012470504481313401 	 -1.5757575757575757
1.39 	 1.18 	 326.59 	 886.0 	 546.2286753683984 	 0.012943916646729602 	 -1.5757575757575757
1.41 	 1.2 	 287.71 	 793.45 	 486.0330415284906 	 0.013431677734245256 	 -1.5757575757575757
1.44 	 1.23 	 253.17 	 710.62 	 432.33057012460404 	 0.013944661441217686 	 -1.5757575757575757
1.47 	 1.25 	 223.05 	 636.57 	 384.81619480694707 	 0.01447692358831792 	 -1.5757575757575757
1.49 	 1.27 	 196.34 	 571.05 	 342.7491948162318 	 0.01503121486434011 	 -1.5757575757575757
1.52 	 1.29 	 172.96 	 512.28 	 305.38803510727365 	 0.015608398031443425 	 -1.5757575757575757
1.55 	 1.32 	 152.26 	 459.7 	 272.108046575795 	 0.016212459303226914 	 -1.5757575757575757
1.57 	 1.34 	 134.03 	 413.01 	 242.65933258363864 	 0.016839650767349765 	 -1.5757575757575757
1.6 	 1.36 	 117.87 	 371.09 	 216.35336224540208 	 0.017497624337774437 	 -1.5757575757575757
1.36 	 1.16 	 371.09 	 990.99 	 614.7777849644485 	 0.013371713197245207 	 -1.5454545454545454
1.39 	 1.18 	 326.59 	 886.0 	 546.2286753683984 	 0.01387933754472193 	 -1.5454545454545454
1.41 	 1.2 	 287.71 	 793.45 	 486.0330415284906 	 0.01440234777103707 	 -1.5454545454545454
1.44 	 1.23 	 253.17 	 710.62 	 432.33057012460404 	 0.014952403385448957 	 -1.5454545454545454
1.47 	 1.25 	 223.05 	 636.57 	 384.81619480694707 	 0.015523130639301374 	 -1.5454545454545454
1.49 	 1.27 	 196.34 	 571.05 	 342.7491948162318 	 0.016117479006026246 	 -1.5454545454545454
1.52 	 1.29 	 172.96 	 512.28 	 305.38803510727365 	 0.016736373597207237 	 -1.5454545454545454
1.55 	 1.32 	 152.26 	 459.7 	 272.108046575795 	 0.017384088699026544 	 -1.5454545454545454
1.57 	 1.34 	 134.03 	 413.01 	 242.65933258363864 	 0.01805660554793014 	 -1.5454545454545454
1.6 	 1.36 	 117.87 	 371.09 	 216.35336224540208 	 0.018762129040445615 	 -1.5454545454545454
1.36 	 1.16 	 371.09 	 990.99 	 614.7777849644485 	 0.014338049763528895 	 -1.5151515151515151
1.39 	 1.18 	 326.59 	 886.0 	 546.2286753683984 	 0.014882358712422562 	 -1.5151515151515151
1.41 	 1.2 	 287.71 	 793.45 	 486.0330415284906 	 0.015443165434876492 	 -1.5151515151515151
1.44 	 1.23 	 253.17 	 710.62 	 432.33057012460404 	 0.016032972040493105 	 -1.5151515151515151
1.47 	 1.25 	 223.05 	 636.57 	 384.81619480694707 	 0.016644944167507017 	 -1.5151515151515151
1.49 	 1.27 	 196.34 	 571.05 	 342.7491948162318 	 0.017282244439601465 	 -1.5151515151515151
1.52 	 1.29 	 172.96 	 512.28 	 305.38803510727365 	 0.017945864823604326 	 -1.5151515151515151
1.55 	 1.32 	 152.26 	 459.7 	 272.108046575795 	 0.018640388496486245 	 -1.5151515151515151
1.57 	 1.34 	 134.03 	 413.01 	 242.65933258363864 	 0.019361506269815237 	 -1.5151515151515151
1.6 	 1.36 	 117.87 	 371.09 	 216.35336224540208 	 0.02011801598519783 	 -1.5151515151515151
1.36 	 1.16 	 371.09 	 990.99 	 614.7777849644485 	 0.015374220788984896 	 -1.4848484848484849
1.39 	 1.18 	 326.59 	 886.0 	 546.2286753683984 	 0.01595786543353047 	 -1.4848484848484849
1.41 	 1.2 	 287.71 	 793.45 	 486.0330415284906 	 0.01655920009990086 	 -1.4848484848484849
1.44 	 1.23 	 253.17 	 710.62 	 432.33057012460404 	 0.017191630390428723 	 -1.4848484848484849
1.47 	 1.25 	 223.05 	 636.57 	 384.81619480694707 	 0.01784782804300968 	 -1.4848484848484849
1.49 	 1.27 	 196.34 	 571.05 	 342.7491948162318 	 0.018531184235354818 	 -1.4848484848484849
1.52 	 1.29 	 172.96 	 512.28 	 305.38803510727365 	 0.019242762620978987 	 -1.4848484848484849
1.55 	 1.32 	 152.26 	 459.7 	 272.108046575795 	 0.01998747759032049 	 -1.4848484848484849
1.57 	 1.34 	 134.03 	 413.01 	 242.65933258363864 	 0.02076070854187024 	 -1.4848484848484849
1.6 	 1.36 	 117.87 	 371.09 	 216.35336224540208 	 0.02157188911280735 	 -1.4848484848484849
1.36 	 1.16 	 371.09 	 990.99 	 614.7777849644485 	 0.016485273015978196 	 -1.4545454545454546
1.39 	 1.18 	 326.59 	 886.0 	 546.2286753683984 	 0.01711109603762628 	 -1.4545454545454546
1.41 	 1.2 	 287.71 	 793.45 	 486.0330415284906 	 0.017755887489833762 	 -1.4545454545454546
1.44 	 1.23 	 253.17 	 710.62 	 432.33057012460404 	 0.018434021760573256 	 -1.4545454545454546
1.47 	 1.25 	 223.05 	 636.57 	 384.81619480694707 	 0.01913764099459593 	 -1.4545454545454546
1.49 	 1.27 	 196.34 	 571.05 	 342.7491948162318 	 0.019870381440605406 	 -1.4545454545454546
1.52 	 1.29 	 172.96 	 512.28 	 305.38803510727365 	 0.020633383619401223 	 -1.4545454545454546
1.55 	 1.32 	 152.26 	 459.7 	 272.108046575795 	 0.02143191707076655 	 -1.4545454545454546
1.57 	 1.34 	 134.03 	 413.01 	 242.65933258363864 	 0.022261027275157188 	 -1.4545454545454546
1.6 	 1.36 	 117.87 	 371.09 	 216.35336224540208 	 0.023130829612504674 	 -1.4545454545454546
1.36 	 1.16 	 371.09 	 990.99 	 614.7777849644485 	 0.01767661790092468 	 -1.4242424242424243
1.39 	 1.18 	 326.59 	 886.0 	 546.2286753683984 	 0.018347667413817378 	 -1.4242424242424243
1.41 	 1.2 	 287.71 	 793.45 	 486.0330415284906 	 0.019039056153051896 	 -1.4242424242424243
1.44 	 1.23 	 253.17 	 710.62 	 432.33057012460404 	 0.01976619730368773 	 -1.4242424242424243
1.47 	 1.25 	 223.05 	 636.57 	 384.81619480694707 	 0.020520665145106254 	 -1.4242424242424243
1.49 	 1.27 	 196.34 	 571.05 	 342.7491948162318 	 0.02130635870760344 	 -1.4242424242424243
1.52 	 1.29 	 172.96 	 512.28 	 305.38803510727365 	 0.022124500934248656 	 -1.4242424242424243
1.55 	 1.32 	 152.26 	 459.7 	 272.108046575795 	 0.02298074217982647 	 -1.4242424242424243
1.57 	 1.34 	 134.03 	 413.01 	 242.65933258363864 	 0.023869769875428833 	 -1.4242424242424243
1.6 	 1.36 	 117.87 	 371.09 	 216.35336224540208 	 0.024802430411394502 	 -1.4242424242424243
1.36 	 1.16 	 371.09 	 990.99 	 614.7777849644485 	 0.018954057971162466 	 -1.3939393939393938
1.39 	 1.18 	 326.59 	 886.0 	 546.2286753683984 	 0.019673602368183288 	 -1.3939393939393938
1.41 	 1.2 	 287.71 	 793.45 	 486.0330415284906 	 0.02041495585093153 	 -1.3939393939393938
1.44 	 1.23 	 253.17 	 710.62 	 432.33057012460404 	 0.02119464547253319 	 -1.3939393939393938
1.47 	 1.25 	 223.05 	 636.57 	 384.81619480694707 	 0.022003636608947174 	 -1.3939393939393938
1.49 	 1.27 	 196.34 	 571.05 	 342.7491948162318 	 0.022846110062557413 	 -1.3939393939393938
1.52 	 1.29 	 172.96 	 512.28 	 305.38803510727365 	 0.023723377155131606 	 -1.3939393939393938
1.55 	 1.32 	 152.26 	 459.7 	 272.108046575795 	 0.024641496576898 	 -1.3939393939393938
1.57 	 1.34 	 134.03 	 413.01 	 242.65933258363864 	 0.0255947718343518 	 -1.3939393939393938
1.6 	 1.36 	 117.87 	 371.09 	 216.35336224540208 	 0.026594833156330357 	 -1.3939393939393938
1.36 	 1.16 	 371.09 	 990.99 	 614.7777849644485 	 0.02032381508656099 	 -1.3636363636363635
1.39 	 1.18 	 326.59 	 886.0 	 546.2286753683984 	 0.02109535895826761 	 -1.3636363636363635
1.41 	 1.2 	 287.71 	 793.45 	 486.0330415284906 	 0.02189028799774174 	 -1.3636363636363635
1.44 	 1.23 	 253.17 	 710.62 	 432.33057012460404 	 0.02272632362232684 	 -1.3636363636363635
1.47 	 1.25 	 223.05 	 636.57 	 384.81619480694707 	 0.023593778300800432 	 -1.3636363636363635
1.49 	 1.27 	 196.34 	 571.05 	 342.7491948162318 	 0.024497134970520525 	 -1.3636363636363635
1.52 	 1.29 	 172.96 	 512.28 	 305.38803510727365 	 0.02543779971883613 	 -1.3636363636363635
1.55 	 1.32 	 152.26 	 459.7 	 272.108046575795 	 0.026422269080687306 	 -1.3636363636363635
1.57 	 1.34 	 134.03 	 413.01 	 242.65933258363864 	 0.027444434892808466 	 -1.3636363636363635
1.6 	 1.36 	 117.87 	 371.09 	 216.35336224540208 	 0.028516767868366384 	 -1.3636363636363635
1.36 	 1.16 	 371.09 	 990.99 	 614.7777849644485 	 0.02179256074351825 	 -1.3333333333333333
1.39 	 1.18 	 326.59 	 886.0 	 546.2286753683984 	 0.022619861947492194 	 -1.3333333333333333
1.41 	 1.2 	 287.71 	 793.45 	 486.0330415284906 	 0.023472238300344457 	 -1.3333333333333333
1.44 	 1.23 	 253.17 	 710.62 	 432.33057012460404 	 0.024368691897019984 	 -1.3333333333333333
1.47 	 1.25 	 223.05 	 636.57 	 384.81619480694707 	 0.025298835115326723 	 -1.3333333333333333
1.49 	 1.27 	 196.34 	 571.05 	 342.7491948162318 	 0.026267474862051984 	 -1.3333333333333333
1.52 	 1.29 	 172.96 	 512.28 	 305.38803510727365 	 0.0272761188385714 	 -1.3333333333333333
1.55 	 1.32 	 152.26 	 459.7 	 272.108046575795 	 0.028331733066357834 	 -1.3333333333333333
1.57 	 1.34 	 134.03 	 413.01 	 242.65933258363864 	 0.029427767962154912 	 -1.3333333333333333
1.6 	 1.36 	 117.87 	 371.09 	 216.35336224540208 	 0.030577595462926464 	 -1.3333333333333333
1.36 	 1.16 	 371.09 	 990.99 	 614.7777849644485 	 0.023367448568943534 	 -1.303030303030303
1.39 	 1.18 	 326.59 	 886.0 	 546.2286753683984 	 0.024254536532694475 	 -1.303030303030303
1.41 	 1.2 	 287.71 	 793.45 	 486.0330415284906 	 0.025168511756674665 	 -1.303030303030303
1.44 	 1.23 	 253.17 	 710.62 	 432.33057012460404 	 0.02612974956444309 	 -1.303030303030303
1.47 	 1.25 	 223.05 	 636.57 	 384.81619480694707 	 0.0271271116492086 	 -1.303030303030303
1.49 	 1.27 	 196.34 	 571.05 	 342.7491948162318 	 0.028165752299558477 	 -1.303030303030303
1.52 	 1.29 	 172.96 	 512.28 	 305.38803510727365 	 0.029247288174258396 	 -1.303030303030303
1.55 	 1.32 	 152.26 	 459.7 	 272.108046575795 	 0.030379188709801528 	 -1.303030303030303
1.57 	 1.34 	 134.03 	 413.01 	 242.65933258363864 	 0.031554431002744236 	 -1.303030303030303
1.6 	 1.36 	 117.87 	 371.09 	 216.35336224540208 	 0.03278735334278762 	 -1.303030303030303
1.36 	 1.16 	 371.09 	 990.99 	 614.7777849644485 	 0.02505614916249018 	 -1.2727272727272727
1.39 	 1.18 	 326.59 	 886.0 	 546.2286753683984 	 0.0260073445090602 	 -1.2727272727272727
1.41 	 1.2 	 287.71 	 793.45 	 486.0330415284906 	 0.026987370183463696 	 -1.2727272727272727
1.44 	 1.23 	 253.17 	 710.62 	 432.33057012460404 	 0.028018073977290843 	 -1.2727272727272727
1.47 	 1.25 	 223.05 	 636.57 	 384.81619480694707 	 0.02908751264926078 	 -1.2727272727272727
1.49 	 1.27 	 196.34 	 571.05 	 342.7491948162318 	 0.03020121297407844 	 -1.2727272727272727
1.52 	 1.29 	 172.96 	 512.28 	 305.38803510727365 	 0.03136090844194742 	 -1.2727272727272727
1.55 	 1.32 	 152.26 	 459.7 	 272.108046575795 	 0.03257460828478626 	 -1.2727272727272727
1.57 	 1.34 	 134.03 	 413.01 	 242.65933258363864 	 0.03383478207342898 	 -1.2727272727272727
1.6 	 1.36 	 117.87 	 371.09 	 216.35336224540208 	 0.03515680428594177 	 -1.2727272727272727
1.36 	 1.16 	 371.09 	 990.99 	 614.7777849644485 	 0.026866887456739638 	 -1.2424242424242424
1.39 	 1.18 	 326.59 	 886.0 	 546.2286753683984 	 0.027886823048595414 	 -1.2424242424242424
1.41 	 1.2 	 287.71 	 793.45 	 486.0330415284906 	 0.028937672455986843 	 -1.2424242424242424
1.44 	 1.23 	 253.17 	 710.62 	 432.33057012460404 	 0.03004286234970938 	 -1.2424242424242424
1.47 	 1.25 	 223.05 	 636.57 	 384.81619480694707 	 0.03118958638361299 	 -1.2424242424242424
1.49 	 1.27 	 196.34 	 571.05 	 342.7491948162318 	 0.03238377073705722 	 -1.2424242424242424
1.52 	 1.29 	 172.96 	 512.28 	 305.38803510727365 	 0.033627274174767054 	 -1.2424242424242424
1.55 	 1.32 	 152.26 	 459.7 	 272.108046575795 	 0.03492868473360222 	 -1.2424242424242424
1.57 	 1.34 	 134.03 	 413.01 	 242.65933258363864 	 0.03627992778120037 	 -1.2424242424242424
1.6 	 1.36 	 117.87 	 371.09 	 216.35336224540208 	 0.0376974888664474 	 -1.2424242424242424
1.36 	 1.16 	 371.09 	 990.99 	 614.7777849644485 	 0.028808482777302205 	 -1.2121212121212122
1.39 	 1.18 	 326.59 	 886.0 	 546.2286753683984 	 0.029902126281010855 	 -1.2121212121212122
1.41 	 1.2 	 287.71 	 793.45 	 486.0330415284906 	 0.031028917655825657 	 -1.2121212121212122
1.44 	 1.23 	 253.17 	 710.62 	 432.33057012460404 	 0.032213976552961404 	 -1.2121212121212122
1.47 	 1.25 	 223.05 	 636.57 	 384.81619480694707 	 0.0334435711472077 	 -1.2121212121212122
1.49 	 1.27 	 196.34 	 571.05 	 342.7491948162318 	 0.03472405588644354 	 -1.2121212121212122
1.52 	 1.29 	 172.96 	 512.28 	 305.38803510727365 	 0.036057423863156954 	 -1.2121212121212122
1.55 	 1.32 	 152.26 	 459.7 	 272.108046575795 	 0.037452883747774036 	 -1.2121212121212122
1.57 	 1.34 	 134.03 	 413.01 	 242.65933258363864 	 0.03890177737668287 	 -1.2121212121212122
1.6 	 1.36 	 117.87 	 371.09 	 216.35336224540208 	 0.040421781663590645 	 -1.2121212121212122
1.36 	 1.16 	 371.09 	 990.99 	 614.7777849644485 	 0.03089039179795011 	 -1.1818181818181817
1.39 	 1.18 	 326.59 	 886.0 	 546.2286753683984 	 0.03206306987954142 	 -1.1818181818181817
1.41 	 1.2 	 287.71 	 793.45 	 486.0330415284906 	 0.03327129133679925 	 -1.1818181818181817
1.44 	 1.23 	 253.17 	 710.62 	 432.33057012460404 	 0.03454199114834963 	 -1.1818181818181817
1.47 	 1.25 	 223.05 	 636.57 	 384.81619480694707 	 0.035860445128121005 	 -1.1818181818181817
1.49 	 1.27 	 196.34 	 571.05 	 342.7491948162318 	 0.037233466942288046 	 -1.1818181818181817
1.52 	 1.29 	 172.96 	 512.28 	 305.38803510727365 	 0.038663193718596084 	 -1.1818181818181817
1.55 	 1.32 	 152.26 	 459.7 	 272.108046575795 	 0.040159499612501266 	 -1.1818181818181817
1.57 	 1.34 	 134.03 	 413.01 	 242.65933258363864 	 0.04171310075895978 	 -1.1818181818181817
1.6 	 1.36 	 117.87 	 371.09 	 216.35336224540208 	 0.04334295153312618 	 -1.1818181818181817
1.36 	 1.16 	 371.09 	 990.99 	 614.7777849644485 	 0.03312275459999843 	 -1.1515151515151514
1.39 	 1.18 	 326.59 	 886.0 	 546.2286753683984 	 0.03438017886885874 	 -1.1515151515151514
1.41 	 1.2 	 287.71 	 793.45 	 486.0330415284906 	 0.03567571513440586 	 -1.1515151515151514
1.44 	 1.23 	 253.17 	 710.62 	 432.33057012460404 	 0.03703824489134603 	 -1.1515151515151514
1.47 	 1.25 	 223.05 	 636.57 	 384.81619480694707 	 0.03845197987758393 	 -1.1515151515151514
1.49 	 1.27 	 196.34 	 571.05 	 342.7491948162318 	 0.0399242261640204 	 -1.1515151515151514
1.52 	 1.29 	 172.96 	 512.28 	 305.38803510727365 	 0.041457275322686 	 -1.1515151515151514
1.55 	 1.32 	 152.26 	 459.7 	 272.108046575795 	 0.043061715086821384 	 -1.1515151515151514
1.57 	 1.34 	 134.03 	 413.01 	 242.65933258363864 	 0.04472759067224651 	 -1.1515151515151514
1.6 	 1.36 	 117.87 	 371.09 	 216.35336224540208 	 0.04647522623415329 	 -1.1515151515151514
1.36 	 1.16 	 371.09 	 990.99 	 614.7777849644485 	 0.03551644406026997 	 -1.121212121212121
1.39 	 1.18 	 326.59 	 886.0 	 546.2286753683984 	 0.036864738887929176 	 -1.121212121212121
1.41 	 1.2 	 287.71 	 793.45 	 486.0330415284906 	 0.03825389996040101 	 -1.121212121212121
1.44 	 1.23 	 253.17 	 710.62 	 432.33057012460404 	 0.03971489595778165 	 -1.121212121212121
1.47 	 1.25 	 223.05 	 636.57 	 384.81619480694707 	 0.04123079764413377 	 -1.121212121212121
1.49 	 1.27 	 196.34 	 571.05 	 342.7491948162318 	 0.042809439079806014 	 -1.121212121212121
1.52 	 1.29 	 172.96 	 512.28 	 305.38803510727365 	 0.04445327744237364 	 -1.121212121212121
1.55 	 1.32 	 152.26 	 459.7 	 272.108046575795 	 0.04617366561114599 	 -1.121212121212121
1.57 	 1.34 	 134.03 	 413.01 	 242.65933258363864 	 0.0479599293973446 	 -1.121212121212121
1.6 	 1.36 	 117.87 	 371.09 	 216.35336224540208 	 0.04983386172639684 	 -1.121212121212121
1.36 	 1.16 	 371.09 	 990.99 	 614.7777849644485 	 0.03808311880819073 	 -1.0909090909090908
1.39 	 1.18 	 326.59 	 886.0 	 546.2286753683984 	 0.03952885115749575 	 -1.0909090909090908
1.41 	 1.2 	 287.71 	 793.45 	 486.0330415284906 	 0.0410184030416 	 -1.0909090909090908
1.44 	 1.23 	 253.17 	 710.62 	 432.33057012460404 	 0.042584981161079546 	 -1.0909090909090908
1.47 	 1.25 	 223.05 	 636.57 	 384.81619480694707 	 0.04421043285114509 	 -1.0909090909090908
1.49 	 1.27 	 196.34 	 571.05 	 342.7491948162318 	 0.04590315831792376 	 -1.0909090909090908
1.52 	 1.29 	 172.96 	 512.28 	 305.38803510727365 	 0.047665792312388114 	 -1.0909090909090908
1.55 	 1.32 	 152.26 	 459.7 	 272.108046575795 	 0.0495105081548971 	 -1.0909090909090908
1.57 	 1.34 	 134.03 	 413.01 	 242.65933258363864 	 0.051425860262701927 	 -1.0909090909090908
1.6 	 1.36 	 117.87 	 371.09 	 216.35336224540208 	 0.05343521647541011 	 -1.0909090909090908
1.36 	 1.16 	 371.09 	 990.99 	 614.7777849644485 	 0.04083528000994776 	 -1.0606060606060606
1.39 	 1.18 	 326.59 	 886.0 	 546.2286753683984 	 0.042385491419907516 	 -1.0606060606060606
1.41 	 1.2 	 287.71 	 793.45 	 486.0330415284906 	 0.04398268908071623 	 -1.0606060606060606
1.44 	 1.23 	 253.17 	 710.62 	 432.33057012460404 	 0.04566247944895271 	 -1.0606060606060606
1.47 	 1.25 	 223.05 	 636.57 	 384.81619480694707 	 0.04740539801717127 	 -1.0606060606060606
1.49 	 1.27 	 196.34 	 571.05 	 342.7491948162318 	 0.04922045205106016 	 -1.0606060606060606
1.52 	 1.29 	 172.96 	 512.28 	 305.38803510727365 	 0.05111046670772543 	 -1.0606060606060606
1.55 	 1.32 	 152.26 	 459.7 	 272.108046575795 	 0.053088495039570964 	 -1.0606060606060606
1.57 	 1.34 	 134.03 	 413.01 	 242.65933258363864 	 0.055142264323378466 	 -1.0606060606060606
1.6 	 1.36 	 117.87 	 371.09 	 216.35336224540208 	 0.05729683112760825 	 -1.0606060606060606
1.36 	 1.16 	 371.09 	 990.99 	 614.7777849644485 	 0.043786332256280355 	 -1.0303030303030303
1.39 	 1.18 	 326.59 	 886.0 	 546.2286753683984 	 0.045448573138366616 	 -1.0303030303030303
1.41 	 1.2 	 287.71 	 793.45 	 486.0330415284906 	 0.04716119583712337 	 -1.0303030303030303
1.44 	 1.23 	 253.17 	 710.62 	 432.33057012460404 	 0.048962379988832 	 -1.0303030303030303
1.47 	 1.25 	 223.05 	 636.57 	 384.81619480694707 	 0.05083125444016593 	 -1.0303030303030303
1.49 	 1.27 	 196.34 	 571.05 	 342.7491948162318 	 0.0527774773868826 	 -1.0303030303030303
1.52 	 1.29 	 172.96 	 512.28 	 305.38803510727365 	 0.05480407815234385 	 -1.0303030303030303
1.55 	 1.32 	 152.26 	 459.7 	 272.108046575795 	 0.05692505309678958 	 -1.0303030303030303
1.57 	 1.34 	 134.03 	 413.01 	 242.65933258363864 	 0.059127242581387976 	 -1.0303030303030303
1.6 	 1.36 	 117.87 	 371.09 	 216.35336224540208 	 0.061437513943195105 	 -1.0303030303030303
1.36 	 1.16 	 371.09 	 990.99 	 614.7777849644485 	 0.04695064885046275 	 -1.0
1.39 	 1.18 	 326.59 	 886.0 	 546.2286753683984 	 0.04873301526340936 	 -1.0
1.41 	 1.2 	 287.71 	 793.45 	 486.0330415284906 	 0.05056940444695711 	 -1.0
1.44 	 1.23 	 253.17 	 710.62 	 432.33057012460404 	 0.05250075517363872 	 -1.0
1.47 	 1.25 	 223.05 	 636.57 	 384.81619480694707 	 0.05450468798985664 	 -1.0
1.49 	 1.27 	 196.34 	 571.05 	 342.7491948162318 	 0.056591559062345254 	 -1.0
1.52 	 1.29 	 172.96 	 512.28 	 305.38803510727365 	 0.058764616635250386 	 -1.0
1.55 	 1.32 	 152.26 	 459.7 	 272.108046575795 	 0.06103886854688469 	 -1.0
1.57 	 1.34 	 134.03 	 413.01 	 242.65933258363864 	 0.06340020414787538 	 -1.0
1.6 	 1.36 	 117.87 	 371.09 	 216.35336224540208 	 0.06587743240309031 	 -1.0
1.36 	 1.16 	 371.09 	 990.99 	 614.7777849644485 	 0.05034364181446788 	 -0.9696969696969697
1.39 	 1.18 	 326.59 	 886.0 	 546.2286753683984 	 0.052254814896682614 	 -0.9696969696969697
1.41 	 1.2 	 287.71 	 793.45 	 486.0330415284906 	 0.05422391482505518 	 -0.9696969696969697
1.44 	 1.23 	 253.17 	 710.62 	 432.33057012460404 	 0.05629483890348169 	 -0.9696969696969697
1.47 	 1.25 	 223.05 	 636.57 	 384.81619480694707 	 0.05844359037742299 	 -0.9696969696969697
1.49 	 1.27 	 196.34 	 571.05 	 342.7491948162318 	 0.060681273825014086 	 -0.9696969696969697
1.52 	 1.29 	 172.96 	 512.28 	 305.38803510727365 	 0.06301137223198156 	 -0.9696969696969697
1.55 	 1.32 	 152.26 	 459.7 	 272.108046575795 	 0.06544997801142136 	 -0.9696969696969697
1.57 	 1.34 	 134.03 	 413.01 	 242.65933258363864 	 0.0679819607765297 	 -0.9696969696969697
1.6 	 1.36 	 117.87 	 371.09 	 216.35336224540208 	 0.07063821143603449 	 -0.9696969696969697
1.36 	 1.16 	 371.09 	 990.99 	 614.7777849644485 	 0.05398183695428221 	 -0.9393939393939394
1.39 	 1.18 	 326.59 	 886.0 	 546.2286753683984 	 0.05603112520592952 	 -0.9393939393939394
1.41 	 1.2 	 287.71 	 793.45 	 486.0330415284906 	 0.0581425265159863 	 -0.9393939393939394
1.44 	 1.23 	 253.17 	 710.62 	 432.33057012460404 	 0.06036311052455499 	 -0.9393939393939394
1.47 	 1.25 	 223.05 	 636.57 	 384.81619480694707 	 0.06266714629830861 	 -0.9393939393939394
1.49 	 1.27 	 196.34 	 571.05 	 342.7491948162318 	 0.06506654091239558 	 -0.9393939393939394
1.52 	 1.29 	 172.96 	 512.28 	 305.38803510727365 	 0.06756502905824527 	 -0.9393939393939394
1.55 	 1.32 	 152.26 	 459.7 	 272.108046575795 	 0.07017986610294351 	 -0.9393939393939394
1.57 	 1.34 	 134.03 	 413.01 	 242.65933258363864 	 0.07289482822866425 	 -0.9393939393939394
1.6 	 1.36 	 117.87 	 371.09 	 216.35336224540208 	 0.07574303874429454 	 -0.9393939393939394
1.36 	 1.16 	 371.09 	 990.99 	 614.7777849644485 	 0.057882954349982384 	 -0.9090909090909092
1.39 	 1.18 	 326.59 	 886.0 	 546.2286753683984 	 0.060080338970674635 	 -0.9090909090909092
1.41 	 1.2 	 287.71 	 793.45 	 486.0330415284906 	 0.062344325387958185 	 -0.9090909090909092
1.44 	 1.23 	 253.17 	 710.62 	 432.33057012460404 	 0.06472538483406666 	 -0.9090909090909092
1.47 	 1.25 	 223.05 	 636.57 	 384.81619480694707 	 0.06719592687260187 	 -0.9090909090909092
1.49 	 1.27 	 196.34 	 571.05 	 342.7491948162318 	 0.06976871906995545 	 -0.9090909090909092
1.52 	 1.29 	 172.96 	 512.28 	 305.38803510727365 	 0.07244776601333142 	 -0.9090909090909092
1.55 	 1.32 	 152.26 	 459.7 	 272.108046575795 	 0.07525157006725967 	 -0.9090909090909092
1.57 	 1.34 	 134.03 	 413.01 	 242.65933258363864 	 0.0781627349636695 	 -0.9090909090909092
1.6 	 1.36 	 117.87 	 371.09 	 216.35336224540208 	 0.08121677774096499 	 -0.9090909090909092
1.36 	 1.16 	 371.09 	 990.99 	 614.7777849644485 	 0.062065994662605956 	 -0.8787878787878789
1.39 	 1.18 	 326.59 	 886.0 	 546.2286753683984 	 0.06442217816552386 	 -0.8787878787878789
1.41 	 1.2 	 287.71 	 793.45 	 486.0330415284906 	 0.06684977659185358 	 -0.8787878787878789
1.44 	 1.23 	 253.17 	 710.62 	 432.33057012460404 	 0.06940290858957376 	 -0.8787878787878789
1.47 	 1.25 	 223.05 	 636.57 	 384.81619480694707 	 0.07205198983809363 	 -0.8787878787878789
1.49 	 1.27 	 196.34 	 571.05 	 342.7491948162318 	 0.07481071058035978 	 -0.8787878787878789
1.52 	 1.29 	 172.96 	 512.28 	 305.38803510727365 	 0.07768336480396879 	 -0.8787878787878789
1.55 	 1.32 	 152.26 	 459.7 	 272.108046575795 	 0.08068979198793572 	 -0.8787878787878789
1.57 	 1.34 	 134.03 	 413.01 	 242.65933258363864 	 0.08381133868422304 	 -0.8787878787878789
1.6 	 1.36 	 117.87 	 371.09 	 216.35336224540208 	 0.08708608864893437 	 -0.8787878787878789
1.36 	 1.16 	 371.09 	 990.99 	 614.7777849644485 	 0.06655133167818003 	 -0.8484848484848486
1.39 	 1.18 	 326.59 	 886.0 	 546.2286753683984 	 0.06907779001740036 	 -0.8484848484848486
1.41 	 1.2 	 287.71 	 793.45 	 486.0330415284906 	 0.07168082423815757 	 -0.8484848484848486
1.44 	 1.23 	 253.17 	 710.62 	 432.33057012460404 	 0.07441846399277866 	 -0.8484848484848486
1.47 	 1.25 	 223.05 	 636.57 	 384.81619480694707 	 0.0772589869840087 	 -0.8484848484848486
1.49 	 1.27 	 196.34 	 571.05 	 342.7491948162318 	 0.08021707281062067 	 -0.8484848484848486
1.52 	 1.29 	 172.96 	 512.28 	 305.38803510727365 	 0.08329732577476612 	 -0.8484848484848486
1.55 	 1.32 	 152.26 	 459.7 	 272.108046575795 	 0.08652101909949468 	 -0.8484848484848486
1.57 	 1.34 	 134.03 	 413.01 	 242.65933258363864 	 0.08986815130389818 	 -0.8484848484848486
1.6 	 1.36 	 117.87 	 371.09 	 216.35336224540208 	 0.0933795583513376 	 -0.8484848484848486
1.36 	 1.16 	 371.09 	 990.99 	 614.7777849644485 	 0.07136081153964972 	 -0.8181818181818183
1.39 	 1.18 	 326.59 	 886.0 	 546.2286753683984 	 0.07406985000457031 	 -0.8181818181818183
1.41 	 1.2 	 287.71 	 793.45 	 486.0330415284906 	 0.07686099827725945 	 -0.8181818181818183
1.44 	 1.23 	 253.17 	 710.62 	 432.33057012460404 	 0.07979647965181204 	 -0.8181818181818183
1.47 	 1.25 	 223.05 	 636.57 	 384.81619480694707 	 0.08284227934867472 	 -0.8181818181818183
1.49 	 1.27 	 196.34 	 571.05 	 342.7491948162318 	 0.08601413782044405 	 -0.8181818181818183
1.52 	 1.29 	 172.96 	 512.28 	 305.38803510727365 	 0.08931699210939736 	 -0.8181818181818183
1.55 	 1.32 	 152.26 	 459.7 	 272.108046575795 	 0.09277365279531727 	 -0.8181818181818183
1.57 	 1.34 	 134.03 	 413.01 	 242.65933258363864 	 0.09636267294583431 	 -0.8181818181818183
1.6 	 1.36 	 117.87 	 371.09 	 216.35336224540208 	 0.10012783962593966 	 -0.8181818181818183
1.36 	 1.16 	 371.09 	 990.99 	 614.7777849644485 	 0.0765178591500225 	 -0.7878787878787876
1.39 	 1.18 	 326.59 	 886.0 	 546.2286753683984 	 0.07942267229912202 	 -0.7878787878787876
1.41 	 1.2 	 287.71 	 793.45 	 486.0330415284906 	 0.08241552910369732 	 -0.7878787878787876
1.44 	 1.23 	 253.17 	 710.62 	 432.33057012460404 	 0.08556314956245185 	 -0.7878787878787876
1.47 	 1.25 	 223.05 	 636.57 	 384.81619480694707 	 0.0888290607422067 	 -0.7878787878787876
1.49 	 1.27 	 196.34 	 571.05 	 342.7491948162318 	 0.09223014061434072 	 -0.7878787878787876
1.52 	 1.29 	 172.96 	 512.28 	 305.38803510727365 	 0.09577168300746156 	 -0.7878787878787876
1.55 	 1.32 	 152.26 	 459.7 	 272.108046575795 	 0.09947814695858519 	 -0.7878787878787876
1.57 	 1.34 	 134.03 	 413.01 	 242.65933258363864 	 0.1033265356251192 	 -0.7878787878787876
1.6 	 1.36 	 117.87 	 371.09 	 216.35336224540208 	 0.10736380044160156 	 -0.7878787878787876
1.36 	 1.16 	 371.09 	 990.99 	 614.7777849644485 	 0.08204759226497181 	 -0.7575757575757573
1.39 	 1.18 	 326.59 	 886.0 	 546.2286753683984 	 0.0851623281908158 	 -0.7575757575757573
1.41 	 1.2 	 287.71 	 793.45 	 486.0330415284906 	 0.08837147044253245 	 -0.7575757575757573
1.44 	 1.23 	 253.17 	 710.62 	 432.33057012460404 	 0.09174656068778404 	 -0.7575757575757573
1.47 	 1.25 	 223.05 	 636.57 	 384.81619480694707 	 0.09524849019583222 	 -0.7575757575757573
1.49 	 1.27 	 196.34 	 571.05 	 342.7491948162318 	 0.09889535666216058 	 -0.7575757575757573
1.52 	 1.29 	 172.96 	 512.28 	 305.38803510727365 	 0.10269283648566409 	 -0.7575757575757573
1.55 	 1.32 	 152.26 	 459.7 	 272.108046575795 	 0.10666715629001682 	 -0.7575757575757573
1.57 	 1.34 	 134.03 	 413.01 	 242.65933258363864 	 0.11079365731469726 	 -0.7575757575757573
1.6 	 1.36 	 117.87 	 371.09 	 216.35336224540208 	 0.11512268404398682 	 -0.7575757575757573
1.36 	 1.16 	 371.09 	 990.99 	 614.7777849644485 	 0.08797694383059701 	 -0.7272727272727271
1.39 	 1.18 	 326.59 	 886.0 	 546.2286753683984 	 0.0913167730690975 	 -0.7272727272727271
1.41 	 1.2 	 287.71 	 793.45 	 486.0330415284906 	 0.09475783111638167 	 -0.7272727272727271
1.44 	 1.23 	 253.17 	 710.62 	 432.33057012460404 	 0.09837682975769173 	 -0.7272727272727271
1.47 	 1.25 	 223.05 	 636.57 	 384.81619480694707 	 0.10213183398296252 	 -0.7272727272727271
1.49 	 1.27 	 196.34 	 571.05 	 342.7491948162318 	 0.10604224935785506 	 -0.7272727272727271
1.52 	 1.29 	 172.96 	 512.28 	 305.38803510727365 	 0.11011416249884337 	 -0.7272727272727271
1.55 	 1.32 	 152.26 	 459.7 	 272.108046575795 	 0.11437569535483731 	 -0.7272727272727271
1.57 	 1.34 	 134.03 	 413.01 	 242.65933258363864 	 0.11880040714519416 	 -0.7272727272727271
1.6 	 1.36 	 117.87 	 371.09 	 216.35336224540208 	 0.1234422806102179 	 -0.7272727272727271
1.36 	 1.16 	 371.09 	 990.99 	 614.7777849644485 	 0.0943347931621925 	 -0.6969696969696968
1.39 	 1.18 	 326.59 	 886.0 	 546.2286753683984 	 0.09791598258174826 	 -0.6969696969696968
1.41 	 1.2 	 287.71 	 793.45 	 486.0330415284906 	 0.10160571633488592 	 -0.6969696969696968
1.44 	 1.23 	 253.17 	 710.62 	 432.33057012460404 	 0.1054862499544626 	 -0.6969696969696968
1.47 	 1.25 	 223.05 	 636.57 	 384.81619480694707 	 0.10951261790373074 	 -0.6969696969696968
1.49 	 1.27 	 196.34 	 571.05 	 342.7491948162318 	 0.11370562813467322 	 -0.6969696969696968
1.52 	 1.29 	 172.96 	 512.28 	 305.38803510727365 	 0.1180718071266281 	 -0.6969696969696968
1.55 	 1.32 	 152.26 	 459.7 	 272.108046575795 	 0.12264130912363042 	 -0.6969696969696968
1.57 	 1.34 	 134.03 	 413.01 	 242.65933258363864 	 0.12738578254327268 	 -0.6969696969696968
1.6 	 1.36 	 117.87 	 371.09 	 216.35336224540208 	 0.13236311130853712 	 -0.6969696969696968
1.36 	 1.16 	 371.09 	 990.99 	 614.7777849644485 	 0.10115210660294255 	 -0.6666666666666665
1.39 	 1.18 	 326.59 	 886.0 	 546.2286753683984 	 0.1049920986333424 	 -0.6666666666666665
1.41 	 1.2 	 287.71 	 793.45 	 486.0330415284906 	 0.10894847919477704 	 -0.6666666666666665
1.44 	 1.23 	 253.17 	 710.62 	 432.33057012460404 	 0.11310944819895818 	 -0.6666666666666665
1.47 	 1.25 	 223.05 	 636.57 	 384.81619480694707 	 0.11742679057471134 	 -0.6666666666666665
1.49 	 1.27 	 196.34 	 571.05 	 342.7491948162318 	 0.12192281800690488 	 -0.6666666666666665
1.52 	 1.29 	 172.96 	 512.28 	 305.38803510727365 	 0.1266045286254082 	 -0.6666666666666665
1.55 	 1.32 	 152.26 	 459.7 	 272.108046575795 	 0.13150425583770448 	 -0.6666666666666665
1.57 	 1.34 	 134.03 	 413.01 	 242.65933258363864 	 0.1365915991712861 	 -0.6666666666666665
1.6 	 1.36 	 117.87 	 371.09 	 216.35336224540208 	 0.1419286256594483 	 -0.6666666666666665
1.36 	 1.16 	 371.09 	 990.99 	 614.7777849644485 	 0.10846208834762927 	 -0.6363636363636362
1.39 	 1.18 	 326.59 	 886.0 	 546.2286753683984 	 0.11257958593460791 	 -0.6363636363636362
1.41 	 1.2 	 287.71 	 793.45 	 486.0330415284906 	 0.11682188312843307 	 -0.6363636363636362
1.44 	 1.23 	 253.17 	 710.62 	 432.33057012460404 	 0.12128355380341746 	 -0.6363636363636362
1.47 	 1.25 	 223.05 	 636.57 	 384.81619480694707 	 0.12591289851913373 	 -0.6363636363636362
1.49 	 1.27 	 196.34 	 571.05 	 342.7491948162318 	 0.1307338413639341 	 -0.6363636363636362
1.52 	 1.29 	 172.96 	 512.28 	 305.38803510727365 	 0.13575388620309287 	 -0.6363636363636362
1.55 	 1.32 	 152.26 	 459.7 	 272.108046575795 	 0.1410077030896302 	 -0.6363636363636362
1.57 	 1.34 	 134.03 	 413.01 	 242.65933258363864 	 0.14646269459334252 	 -0.6363636363636362
1.6 	 1.36 	 117.87 	 371.09 	 216.35336224540208 	 0.1521854131595997 	 -0.6363636363636362
1.36 	 1.16 	 371.09 	 990.99 	 614.7777849644485 	 0.11630034216595067 	 -0.606060606060606
1.39 	 1.18 	 326.59 	 886.0 	 546.2286753683984 	 0.12071539986517446 	 -0.606060606060606
1.41 	 1.2 	 287.71 	 793.45 	 486.0330415284906 	 0.12526427609213955 	 -0.606060606060606
1.44 	 1.23 	 253.17 	 710.62 	 432.33057012460404 	 0.13004837931233 	 -0.606060606060606
1.47 	 1.25 	 223.05 	 636.57 	 384.81619480694707 	 0.13501227391037926 	 -0.606060606060606
1.49 	 1.27 	 196.34 	 571.05 	 342.7491948162318 	 0.1401816129020439 	 -0.606060606060606
1.52 	 1.29 	 172.96 	 512.28 	 305.38803510727365 	 0.14556444243609593 	 -0.606060606060606
1.55 	 1.32 	 152.26 	 459.7 	 272.108046575795 	 0.15119793807397425 	 -0.606060606060606
1.57 	 1.34 	 134.03 	 413.01 	 242.65933258363864 	 0.15704714665974975 	 -0.606060606060606
1.6 	 1.36 	 117.87 	 371.09 	 216.35336224540208 	 0.16318343019913722 	 -0.606060606060606
1.36 	 1.16 	 371.09 	 990.99 	 614.7777849644485 	 0.12470504481313399 	 -0.5757575757575757
1.39 	 1.18 	 326.59 	 886.0 	 546.2286753683984 	 0.12943916646729597 	 -0.5757575757575757
1.41 	 1.2 	 287.71 	 793.45 	 486.0330415284906 	 0.13431677734245262 	 -0.5757575757575757
1.44 	 1.23 	 253.17 	 710.62 	 432.33057012460404 	 0.13944661441217684 	 -0.5757575757575757
1.47 	 1.25 	 223.05 	 636.57 	 384.81619480694707 	 0.1447692358831792 	 -0.5757575757575757
1.49 	 1.27 	 196.34 	 571.05 	 342.7491948162318 	 0.1503121486434011 	 -0.5757575757575757
1.52 	 1.29 	 172.96 	 512.28 	 305.38803510727365 	 0.15608398031443418 	 -0.5757575757575757
1.55 	 1.32 	 152.26 	 459.7 	 272.108046575795 	 0.16212459303226923 	 -0.5757575757575757
1.57 	 1.34 	 134.03 	 413.01 	 242.65933258363864 	 0.16839650767349768 	 -0.5757575757575757
1.6 	 1.36 	 117.87 	 371.09 	 216.35336224540208 	 0.17497624337774437 	 -0.5757575757575757
1.36 	 1.16 	 371.09 	 990.99 	 614.7777849644485 	 0.13371713197245202 	 -0.5454545454545454
1.39 	 1.18 	 326.59 	 886.0 	 546.2286753683984 	 0.1387933754472192 	 -0.5454545454545454
1.41 	 1.2 	 287.71 	 793.45 	 486.0330415284906 	 0.1440234777103708 	 -0.5454545454545454
1.44 	 1.23 	 253.17 	 710.62 	 432.33057012460404 	 0.14952403385448956 	 -0.5454545454545454
1.47 	 1.25 	 223.05 	 636.57 	 384.81619480694707 	 0.15523130639301375 	 -0.5454545454545454
1.49 	 1.27 	 196.34 	 571.05 	 342.7491948162318 	 0.16117479006026245 	 -0.5454545454545454
1.52 	 1.29 	 172.96 	 512.28 	 305.38803510727365 	 0.1673637359720723 	 -0.5454545454545454
1.55 	 1.32 	 152.26 	 459.7 	 272.108046575795 	 0.17384088699026556 	 -0.5454545454545454
1.57 	 1.34 	 134.03 	 413.01 	 242.65933258363864 	 0.18056605547930143 	 -0.5454545454545454
1.6 	 1.36 	 117.87 	 371.09 	 216.35336224540208 	 0.18762129040445613 	 -0.5454545454545454
1.36 	 1.16 	 371.09 	 990.99 	 614.7777849644485 	 0.1433804976352889 	 -0.5151515151515151
1.39 	 1.18 	 326.59 	 886.0 	 546.2286753683984 	 0.14882358712422555 	 -0.5151515151515151
1.41 	 1.2 	 287.71 	 793.45 	 486.0330415284906 	 0.154431654348765 	 -0.5151515151515151
1.44 	 1.23 	 253.17 	 710.62 	 432.33057012460404 	 0.16032972040493104 	 -0.5151515151515151
1.47 	 1.25 	 223.05 	 636.57 	 384.81619480694707 	 0.16644944167507017 	 -0.5151515151515151
1.49 	 1.27 	 196.34 	 571.05 	 342.7491948162318 	 0.17282244439601466 	 -0.5151515151515151
1.52 	 1.29 	 172.96 	 512.28 	 305.38803510727365 	 0.17945864823604318 	 -0.5151515151515151
1.55 	 1.32 	 152.26 	 459.7 	 272.108046575795 	 0.18640388496486254 	 -0.5151515151515151
1.57 	 1.34 	 134.03 	 413.01 	 242.65933258363864 	 0.19361506269815243 	 -0.5151515151515151
1.6 	 1.36 	 117.87 	 371.09 	 216.35336224540208 	 0.2011801598519783 	 -0.5151515151515151
1.36 	 1.16 	 371.09 	 990.99 	 614.7777849644485 	 0.15374220788984894 	 -0.48484848484848486
1.39 	 1.18 	 326.59 	 886.0 	 546.2286753683984 	 0.15957865433530463 	 -0.48484848484848486
1.41 	 1.2 	 287.71 	 793.45 	 486.0330415284906 	 0.16559200099900867 	 -0.48484848484848486
1.44 	 1.23 	 253.17 	 710.62 	 432.33057012460404 	 0.17191630390428722 	 -0.48484848484848486
1.47 	 1.25 	 223.05 	 636.57 	 384.81619480694707 	 0.17847828043009678 	 -0.48484848484848486
1.49 	 1.27 	 196.34 	 571.05 	 342.7491948162318 	 0.18531184235354817 	 -0.48484848484848486
1.52 	 1.29 	 172.96 	 512.28 	 305.38803510727365 	 0.19242762620978976 	 -0.48484848484848486
1.55 	 1.32 	 152.26 	 459.7 	 272.108046575795 	 0.19987477590320502 	 -0.48484848484848486
1.57 	 1.34 	 134.03 	 413.01 	 242.65933258363864 	 0.20760708541870246 	 -0.48484848484848486
1.6 	 1.36 	 117.87 	 371.09 	 216.35336224540208 	 0.21571889112807352 	 -0.48484848484848486
1.36 	 1.16 	 371.09 	 990.99 	 614.7777849644485 	 0.1648527301597819 	 -0.4545454545454546
1.39 	 1.18 	 326.59 	 886.0 	 546.2286753683984 	 0.1711109603762627 	 -0.4545454545454546
1.41 	 1.2 	 287.71 	 793.45 	 486.0330415284906 	 0.1775588748983377 	 -0.4545454545454546
1.44 	 1.23 	 253.17 	 710.62 	 432.33057012460404 	 0.18434021760573255 	 -0.4545454545454546
1.47 	 1.25 	 223.05 	 636.57 	 384.81619480694707 	 0.1913764099459593 	 -0.4545454545454546
1.49 	 1.27 	 196.34 	 571.05 	 342.7491948162318 	 0.19870381440605406 	 -0.4545454545454546
1.52 	 1.29 	 172.96 	 512.28 	 305.38803510727365 	 0.20633383619401213 	 -0.4545454545454546
1.55 	 1.32 	 152.26 	 459.7 	 272.108046575795 	 0.21431917070766554 	 -0.4545454545454546
1.57 	 1.34 	 134.03 	 413.01 	 242.65933258363864 	 0.222610272751572 	 -0.4545454545454546
1.6 	 1.36 	 117.87 	 371.09 	 216.35336224540208 	 0.23130829612504672 	 -0.4545454545454546
1.36 	 1.16 	 371.09 	 990.99 	 614.7777849644485 	 0.17676617900924677 	 -0.4242424242424243
1.39 	 1.18 	 326.59 	 886.0 	 546.2286753683984 	 0.18347667413817367 	 -0.4242424242424243
1.41 	 1.2 	 287.71 	 793.45 	 486.0330415284906 	 0.1903905615305191 	 -0.4242424242424243
1.44 	 1.23 	 253.17 	 710.62 	 432.33057012460404 	 0.19766197303687733 	 -0.4242424242424243
1.47 	 1.25 	 223.05 	 636.57 	 384.81619480694707 	 0.20520665145106257 	 -0.4242424242424243
1.49 	 1.27 	 196.34 	 571.05 	 342.7491948162318 	 0.2130635870760344 	 -0.4242424242424243
1.52 	 1.29 	 172.96 	 512.28 	 305.38803510727365 	 0.22124500934248645 	 -0.4242424242424243
1.55 	 1.32 	 152.26 	 459.7 	 272.108046575795 	 0.22980742179826474 	 -0.4242424242424243
1.57 	 1.34 	 134.03 	 413.01 	 242.65933258363864 	 0.23869769875428845 	 -0.4242424242424243
1.6 	 1.36 	 117.87 	 371.09 	 216.35336224540208 	 0.24802430411394502 	 -0.4242424242424243
1.36 	 1.16 	 371.09 	 990.99 	 614.7777849644485 	 0.18954057971162452 	 -0.39393939393939403
1.39 	 1.18 	 326.59 	 886.0 	 546.2286753683984 	 0.1967360236818328 	 -0.39393939393939403
1.41 	 1.2 	 287.71 	 793.45 	 486.0330415284906 	 0.20414955850931518 	 -0.39393939393939403
1.44 	 1.23 	 253.17 	 710.62 	 432.33057012460404 	 0.21194645472533183 	 -0.39393939393939403
1.47 	 1.25 	 223.05 	 636.57 	 384.81619480694707 	 0.22003636608947152 	 -0.39393939393939403
1.49 	 1.27 	 196.34 	 571.05 	 342.7491948162318 	 0.228461100625574 	 -0.39393939393939403
1.52 	 1.29 	 172.96 	 512.28 	 305.38803510727365 	 0.23723377155131595 	 -0.39393939393939403
1.55 	 1.32 	 152.26 	 459.7 	 272.108046575795 	 0.2464149657689799 	 -0.39393939393939403
1.57 	 1.34 	 134.03 	 413.01 	 242.65933258363864 	 0.2559477183435178 	 -0.39393939393939403
1.6 	 1.36 	 117.87 	 371.09 	 216.35336224540208 	 0.26594833156330344 	 -0.39393939393939403
1.36 	 1.16 	 371.09 	 990.99 	 614.7777849644485 	 0.20323815086560987 	 -0.36363636363636376
1.39 	 1.18 	 326.59 	 886.0 	 546.2286753683984 	 0.210953589582676 	 -0.36363636363636376
1.41 	 1.2 	 287.71 	 793.45 	 486.0330415284906 	 0.2189028799774173 	 -0.36363636363636376
1.44 	 1.23 	 253.17 	 710.62 	 432.33057012460404 	 0.22726323622326827 	 -0.36363636363636376
1.47 	 1.25 	 223.05 	 636.57 	 384.81619480694707 	 0.23593778300800408 	 -0.36363636363636376
1.49 	 1.27 	 196.34 	 571.05 	 342.7491948162318 	 0.24497134970520515 	 -0.36363636363636376
1.52 	 1.29 	 172.96 	 512.28 	 305.38803510727365 	 0.2543779971883612 	 -0.36363636363636376
1.55 	 1.32 	 152.26 	 459.7 	 272.108046575795 	 0.26422269080687294 	 -0.36363636363636376
1.57 	 1.34 	 134.03 	 413.01 	 242.65933258363864 	 0.2744443489280845 	 -0.36363636363636376
1.6 	 1.36 	 117.87 	 371.09 	 216.35336224540208 	 0.2851676786836637 	 -0.36363636363636376
1.36 	 1.16 	 371.09 	 990.99 	 614.7777849644485 	 0.21792560743518266 	 -0.33333333333333304
1.39 	 1.18 	 326.59 	 886.0 	 546.2286753683984 	 0.22619861947492206 	 -0.33333333333333304
1.41 	 1.2 	 287.71 	 793.45 	 486.0330415284906 	 0.2347223830034447 	 -0.33333333333333304
1.44 	 1.23 	 253.17 	 710.62 	 432.33057012460404 	 0.24368691897019998 	 -0.33333333333333304
1.47 	 1.25 	 223.05 	 636.57 	 384.81619480694707 	 0.25298835115326723 	 -0.33333333333333304
1.49 	 1.27 	 196.34 	 571.05 	 342.7491948162318 	 0.26267474862052 	 -0.33333333333333304
1.52 	 1.29 	 172.96 	 512.28 	 305.38803510727365 	 0.2727611883857141 	 -0.33333333333333304
1.55 	 1.32 	 152.26 	 459.7 	 272.108046575795 	 0.2833173306635785 	 -0.33333333333333304
1.57 	 1.34 	 134.03 	 413.01 	 242.65933258363864 	 0.29427767962154927 	 -0.33333333333333304
1.6 	 1.36 	 117.87 	 371.09 	 216.35336224540208 	 0.3057759546292648 	 -0.33333333333333304
1.36 	 1.16 	 371.09 	 990.99 	 614.7777849644485 	 0.2336744856894355 	 -0.30303030303030276
1.39 	 1.18 	 326.59 	 886.0 	 546.2286753683984 	 0.24254536532694487 	 -0.30303030303030276
1.41 	 1.2 	 287.71 	 793.45 	 486.0330415284906 	 0.2516851175667467 	 -0.30303030303030276
1.44 	 1.23 	 253.17 	 710.62 	 432.33057012460404 	 0.26129749564443105 	 -0.30303030303030276
1.47 	 1.25 	 223.05 	 636.57 	 384.81619480694707 	 0.27127111649208596 	 -0.30303030303030276
1.49 	 1.27 	 196.34 	 571.05 	 342.7491948162318 	 0.28165752299558494 	 -0.30303030303030276
1.52 	 1.29 	 172.96 	 512.28 	 305.38803510727365 	 0.29247288174258407 	 -0.30303030303030276
1.55 	 1.32 	 152.26 	 459.7 	 272.108046575795 	 0.30379188709801547 	 -0.30303030303030276
1.57 	 1.34 	 134.03 	 413.01 	 242.65933258363864 	 0.31554431002744254 	 -0.30303030303030276
1.6 	 1.36 	 117.87 	 371.09 	 216.35336224540208 	 0.32787353342787645 	 -0.30303030303030276
1.36 	 1.16 	 371.09 	 990.99 	 614.7777849644485 	 0.25056149162490204 	 -0.2727272727272725
1.39 	 1.18 	 326.59 	 886.0 	 546.2286753683984 	 0.26007344509060215 	 -0.2727272727272725
1.41 	 1.2 	 287.71 	 793.45 	 486.0330415284906 	 0.2698737018346371 	 -0.2727272727272725
1.44 	 1.23 	 253.17 	 710.62 	 432.33057012460404 	 0.2801807397729086 	 -0.2727272727272725
1.47 	 1.25 	 223.05 	 636.57 	 384.81619480694707 	 0.2908751264926078 	 -0.2727272727272725
1.49 	 1.27 	 196.34 	 571.05 	 342.7491948162318 	 0.30201212974078456 	 -0.2727272727272725
1.52 	 1.29 	 172.96 	 512.28 	 305.38803510727365 	 0.3136090844194744 	 -0.2727272727272725
1.55 	 1.32 	 152.26 	 459.7 	 272.108046575795 	 0.3257460828478627 	 -0.2727272727272725
1.57 	 1.34 	 134.03 	 413.01 	 242.65933258363864 	 0.33834782073429 	 -0.2727272727272725
1.6 	 1.36 	 117.87 	 371.09 	 216.35336224540208 	 0.35156804285941795 	 -0.2727272727272725
1.36 	 1.16 	 371.09 	 990.99 	 614.7777849644485 	 0.2686688745673966 	 -0.2424242424242422
1.39 	 1.18 	 326.59 	 886.0 	 546.2286753683984 	 0.27886823048595427 	 -0.2424242424242422
1.41 	 1.2 	 287.71 	 793.45 	 486.0330415284906 	 0.28937672455986857 	 -0.2424242424242422
1.44 	 1.23 	 253.17 	 710.62 	 432.33057012460404 	 0.3004286234970939 	 -0.2424242424242422
1.47 	 1.25 	 223.05 	 636.57 	 384.81619480694707 	 0.31189586383612994 	 -0.2424242424242422
1.49 	 1.27 	 196.34 	 571.05 	 342.7491948162318 	 0.3238377073705724 	 -0.2424242424242422
1.52 	 1.29 	 172.96 	 512.28 	 305.38803510727365 	 0.3362727417476708 	 -0.2424242424242422
1.55 	 1.32 	 152.26 	 459.7 	 272.108046575795 	 0.34928684733602233 	 -0.2424242424242422
1.57 	 1.34 	 134.03 	 413.01 	 242.65933258363864 	 0.36279927781200394 	 -0.2424242424242422
1.6 	 1.36 	 117.87 	 371.09 	 216.35336224540208 	 0.37697488866447426 	 -0.2424242424242422
1.36 	 1.16 	 371.09 	 990.99 	 614.7777849644485 	 0.2880848277730223 	 -0.21212121212121193
1.39 	 1.18 	 326.59 	 886.0 	 546.2286753683984 	 0.2990212628101087 	 -0.21212121212121193
1.41 	 1.2 	 287.71 	 793.45 	 486.0330415284906 	 0.3102891765582567 	 -0.21212121212121193
1.44 	 1.23 	 253.17 	 710.62 	 432.33057012460404 	 0.3221397655296142 	 -0.21212121212121193
1.47 	 1.25 	 223.05 	 636.57 	 384.81619480694707 	 0.33443571147207707 	 -0.21212121212121193
1.49 	 1.27 	 196.34 	 571.05 	 342.7491948162318 	 0.34724055886443556 	 -0.21212121212121193
1.52 	 1.29 	 172.96 	 512.28 	 305.38803510727365 	 0.3605742386315698 	 -0.21212121212121193
1.55 	 1.32 	 152.26 	 459.7 	 272.108046575795 	 0.37452883747774046 	 -0.21212121212121193
1.57 	 1.34 	 134.03 	 413.01 	 242.65933258363864 	 0.3890177737668289 	 -0.21212121212121193
1.6 	 1.36 	 117.87 	 371.09 	 216.35336224540208 	 0.4042178166359067 	 -0.21212121212121193
1.36 	 1.16 	 371.09 	 990.99 	 614.7777849644485 	 0.308903917979501 	 -0.18181818181818166
1.39 	 1.18 	 326.59 	 886.0 	 546.2286753683984 	 0.32063069879541406 	 -0.18181818181818166
1.41 	 1.2 	 287.71 	 793.45 	 486.0330415284906 	 0.3327129133679926 	 -0.18181818181818166
1.44 	 1.23 	 253.17 	 710.62 	 432.33057012460404 	 0.34541991148349627 	 -0.18181818181818166
1.47 	 1.25 	 223.05 	 636.57 	 384.81619480694707 	 0.35860445128121005 	 -0.18181818181818166
1.49 	 1.27 	 196.34 	 571.05 	 342.7491948162318 	 0.3723346694228804 	 -0.18181818181818166
1.52 	 1.29 	 172.96 	 512.28 	 305.38803510727365 	 0.3866319371859607 	 -0.18181818181818166
1.55 	 1.32 	 152.26 	 459.7 	 272.108046575795 	 0.4015949961250126 	 -0.18181818181818166
1.57 	 1.34 	 134.03 	 413.01 	 242.65933258363864 	 0.417131007589598 	 -0.18181818181818166
1.6 	 1.36 	 117.87 	 371.09 	 216.35336224540208 	 0.4334295153312619 	 -0.18181818181818166
1.36 	 1.16 	 371.09 	 990.99 	 614.7777849644485 	 0.3312275459999842 	 -0.15151515151515138
1.39 	 1.18 	 326.59 	 886.0 	 546.2286753683984 	 0.3438017886885873 	 -0.15151515151515138
1.41 	 1.2 	 287.71 	 793.45 	 486.0330415284906 	 0.3567571513440587 	 -0.15151515151515138
1.44 	 1.23 	 253.17 	 710.62 	 432.33057012460404 	 0.3703824489134603 	 -0.15151515151515138
1.47 	 1.25 	 223.05 	 636.57 	 384.81619480694707 	 0.38451979877583936 	 -0.15151515151515138
1.49 	 1.27 	 196.34 	 571.05 	 342.7491948162318 	 0.399242261640204 	 -0.15151515151515138
1.52 	 1.29 	 172.96 	 512.28 	 305.38803510727365 	 0.4145727532268598 	 -0.15151515151515138
1.55 	 1.32 	 152.26 	 459.7 	 272.108046575795 	 0.4306171508682137 	 -0.15151515151515138
1.57 	 1.34 	 134.03 	 413.01 	 242.65933258363864 	 0.4472759067224652 	 -0.15151515151515138
1.6 	 1.36 	 117.87 	 371.09 	 216.35336224540208 	 0.46475226234153294 	 -0.15151515151515138
1.36 	 1.16 	 371.09 	 990.99 	 614.7777849644485 	 0.35516444060269964 	 -0.1212121212121211
1.39 	 1.18 	 326.59 	 886.0 	 546.2286753683984 	 0.3686473888792916 	 -0.1212121212121211
1.41 	 1.2 	 287.71 	 793.45 	 486.0330415284906 	 0.3825389996040103 	 -0.1212121212121211
1.44 	 1.23 	 253.17 	 710.62 	 432.33057012460404 	 0.3971489595778165 	 -0.1212121212121211
1.47 	 1.25 	 223.05 	 636.57 	 384.81619480694707 	 0.41230797644133776 	 -0.1212121212121211
1.49 	 1.27 	 196.34 	 571.05 	 342.7491948162318 	 0.42809439079806016 	 -0.1212121212121211
1.52 	 1.29 	 172.96 	 512.28 	 305.38803510727365 	 0.4445327744237362 	 -0.1212121212121211
1.55 	 1.32 	 152.26 	 459.7 	 272.108046575795 	 0.4617366561114598 	 -0.1212121212121211
1.57 	 1.34 	 134.03 	 413.01 	 242.65933258363864 	 0.4795992939734462 	 -0.1212121212121211
1.6 	 1.36 	 117.87 	 371.09 	 216.35336224540208 	 0.4983386172639685 	 -0.1212121212121211
1.36 	 1.16 	 371.09 	 990.99 	 614.7777849644485 	 0.38083118808190713 	 -0.09090909090909083
1.39 	 1.18 	 326.59 	 886.0 	 546.2286753683984 	 0.3952885115749573 	 -0.09090909090909083
1.41 	 1.2 	 287.71 	 793.45 	 486.0330415284906 	 0.4101840304160002 	 -0.09090909090909083
1.44 	 1.23 	 253.17 	 710.62 	 432.33057012460404 	 0.4258498116107953 	 -0.09090909090909083
1.47 	 1.25 	 223.05 	 636.57 	 384.81619480694707 	 0.442104328511451 	 -0.09090909090909083
1.49 	 1.27 	 196.34 	 571.05 	 342.7491948162318 	 0.4590315831792376 	 -0.09090909090909083
1.52 	 1.29 	 172.96 	 512.28 	 305.38803510727365 	 0.4766579231238812 	 -0.09090909090909083
1.55 	 1.32 	 152.26 	 459.7 	 272.108046575795 	 0.4951050815489709 	 -0.09090909090909083
1.57 	 1.34 	 134.03 	 413.01 	 242.65933258363864 	 0.5142586026270195 	 -0.09090909090909083
1.6 	 1.36 	 117.87 	 371.09 	 216.35336224540208 	 0.5343521647541011 	 -0.09090909090909083
1.36 	 1.16 	 371.09 	 990.99 	 614.7777849644485 	 0.4083528000994775 	 -0.06060606060606055
1.39 	 1.18 	 326.59 	 886.0 	 546.2286753683984 	 0.42385491419907495 	 -0.06060606060606055
1.41 	 1.2 	 287.71 	 793.45 	 486.0330415284906 	 0.4398268908071624 	 -0.06060606060606055
1.44 	 1.23 	 253.17 	 710.62 	 432.33057012460404 	 0.45662479448952703 	 -0.06060606060606055
1.47 	 1.25 	 223.05 	 636.57 	 384.81619480694707 	 0.47405398017171285 	 -0.06060606060606055
1.49 	 1.27 	 196.34 	 571.05 	 342.7491948162318 	 0.49220452051060165 	 -0.06060606060606055
1.52 	 1.29 	 172.96 	 512.28 	 305.38803510727365 	 0.5111046670772543 	 -0.06060606060606055
1.55 	 1.32 	 152.26 	 459.7 	 272.108046575795 	 0.5308849503957096 	 -0.06060606060606055
1.57 	 1.34 	 134.03 	 413.01 	 242.65933258363864 	 0.5514226432337849 	 -0.06060606060606055
1.6 	 1.36 	 117.87 	 371.09 	 216.35336224540208 	 0.5729683112760825 	 -0.06060606060606055
1.36 	 1.16 	 371.09 	 990.99 	 614.7777849644485 	 0.4378633225628035 	 -0.030303030303030276
1.39 	 1.18 	 326.59 	 886.0 	 546.2286753683984 	 0.45448573138366594 	 -0.030303030303030276
1.41 	 1.2 	 287.71 	 793.45 	 486.0330415284906 	 0.4716119583712338 	 -0.030303030303030276
1.44 	 1.23 	 253.17 	 710.62 	 432.33057012460404 	 0.4896237998883199 	 -0.030303030303030276
1.47 	 1.25 	 223.05 	 636.57 	 384.81619480694707 	 0.5083125444016594 	 -0.030303030303030276
1.49 	 1.27 	 196.34 	 571.05 	 342.7491948162318 	 0.527774773868826 	 -0.030303030303030276
1.52 	 1.29 	 172.96 	 512.28 	 305.38803510727365 	 0.5480407815234386 	 -0.030303030303030276
1.55 	 1.32 	 152.26 	 459.7 	 272.108046575795 	 0.5692505309678957 	 -0.030303030303030276
1.57 	 1.34 	 134.03 	 413.01 	 242.65933258363864 	 0.59127242581388 	 -0.030303030303030276
1.6 	 1.36 	 117.87 	 371.09 	 216.35336224540208 	 0.6143751394319511 	 -0.030303030303030276
1.36 	 1.16 	 371.09 	 990.99 	 614.7777849644485 	 0.4695064885046274 	 0.0
1.39 	 1.18 	 326.59 	 886.0 	 546.2286753683984 	 0.4873301526340934 	 0.0
1.41 	 1.2 	 287.71 	 793.45 	 486.0330415284906 	 0.505694044469571 	 0.0
1.44 	 1.23 	 253.17 	 710.62 	 432.33057012460404 	 0.5250075517363871 	 0.0
1.47 	 1.25 	 223.05 	 636.57 	 384.81619480694707 	 0.5450468798985664 	 0.0
1.49 	 1.27 	 196.34 	 571.05 	 342.7491948162318 	 0.5659155906234525 	 0.0
1.52 	 1.29 	 172.96 	 512.28 	 305.38803510727365 	 0.5876461663525039 	 0.0
1.55 	 1.32 	 152.26 	 459.7 	 272.108046575795 	 0.610388685468847 	 0.0
1.57 	 1.34 	 134.03 	 413.01 	 242.65933258363864 	 0.634002041478754 	 0.0
1.6 	 1.36 	 117.87 	 371.09 	 216.35336224540208 	 0.6587743240309032 	 0.0
